count
11587
11525
16021
17075
10283
11602
11773
11579
11677
11769
12716
13641
10357
14429
10373
11639
11622
11488
11580
11538
13512
13792
10235
10356
11371
11359
13900
13215
13236
13138
13195
13030
13093
13097
13211
13146
13202
12972
13094
13281
13119
13087
12997
13101
13118
13015
13077
12986
13106
12814
17633
13025
12817
12755
12928
12848
12809
12667
12756
12729
12795
12762
12734
12732
12997
12726
12904
12856
13064
13021
12899
12974
13037
12744
12834
12740
12824
12809
12933
12792
12871
12749
12866
12960
13048
12925
12865
12919
13339
13001
12408
13057
12511
12914
12570
12705
12727
12883
12499
12939
12588
20000
20000
12756
12991
12781
12658
12615
15384
14540
11706
10242
12491
11418
10350
11587
11619
11119
13462
11331
13443
13338
13051
13197
12800
13220
13131
13163
12940
11547
12676
13125
12860
12896
12911
12850
12852
12852
12821
12920
12880
12737
12691
13065
12895
12709
12698
12743
12694
12787
12816
12885
12991
12907
13043
12990
13010
12950
12955
12837
12855
12817
12914
12795
12891
12950
13022
13135
12963
13238
13079
12972
12963
12857
13039
12971
12871
12958
12928
12907
12867
13040
13216
13127
12969
13041
12681
12891
12783
13055
13145
12763
12965
12814
12753
12979
12769
12824
12504
12843
12411
12913
12688
12866
12776
12822
12688
12892
12765
12880
12738
12905
12731
12839
12697
12834
12882
12854
12660
13003
12769
12857
12768
12728
12667
12716
12784
12916
12733
12720
12885
12920
12851
12884
12896
13004
12759
12830
12713
12860
12834
12865
12792
12944
12676
12910
12748
12932
12824
12736
12657
12862
12856
12845
12808
12752
12718
12966
12756
12867
12799
12712
12727
12941
12845
12657
12809
12825
12724
12774
12821
12775
12787
12765
12528
12805
12991
12856
12853
12846
12761
12782
12823
12710
12768
12791
12605
12899
12720
12622
12638
12580
12911
12874
12632
12856
12749
12952
12698
12747
12531
12852
12750
12805
12751
12857
12847
12860
12664
12872
12790
12891
12623
12956
12802
12952
12892
12874
12584
12782
12783
12950
12921
12938
12791
12983
12731
12863
12840
13296
10380
13461
13034
12982
12838
12808
13010
12934
12886
13027
12981
12870
12964
12769
13020
12868
13042
12979
12778
12936
12837
12935
13020
12868
12758
12961
12793
13062
12812
12908
13094
12934
12808
12973
12838
12774
12703
12807
13007
12906
13002
13081
12799
12865
12990
12783
12878
13081
13016
13113
12831
12815
12766
12947
12864
12769
12629
12819
12640
12665
12634
12682
12685
12763
12542
12790
12502
12600
12560
13036
12571
12774
12655
12737
12607
12717
12641
12780
12459
13407
12566
14148
11991
14164
13670
16054
16823
14035
12565
14062
12338
12702
12452
12673
12473
12856
13030
12896
12349
12741
12258
12804
12343
12784
12473
12959
12260
12487
12603
12603
12581
12464
20000
12362
12493
15872
20000
20000
12065
11337
20000
20000
15913
12577
12614
12620
12532
12447
12698
12739
12499
12518
10733
11606
11468
10322
12748
12647
11451
10299
11669
11567
11385
11446
11390
13967
10762
10492
11417
11459
13455
13365
13439
13204
13146
13119
13364
13444
13382
13163
13004
13312
13242
12981
12926
13364
13182
13356
13138
13258
13207
13153
13311
13130
13122
13336
13352
13135
13161
13228
13236
11555
12466
14792
13927
13772
12764
19349
14416
11410
12149
12068
13151
13052
13348
13528
13090
13330
13131
13444
13090
17370
12889
12892
12780
13085
12700
12773
12492
12534
12299
12599
12434
12461
12586
12553
12593
12649
12314
12763
12460
12464
12569
13114
13082
12835
12902
12886
12889
12909
12824
12930
12835
13002
12940
13059
12939
13117
13182
12859
13002
12812
12931
12985
13003
13006
13021
13028
12949
12992
12770
12988
12875
13003
13039
13097
13051
13063
13162
13134
13171
13262
13074
13072
12833
13198
13027
12988
13158
13045
13033
13080
13065
13213
13046
12894
12856
13051
13176
13122
13094
13219
17030
12948
13007
12846
12909
12857
12791
12974
12894
12915
12971
12865
13069
13323
18314
12915
12717
12786
12763
12749
12749
12791
12618
12978
12824
12676
12693
12829
12442
12753
12237
12825
12066
12163
11838
12096
12106
13730
12112
12893
12882
12740
12611
12059
12303
20000
20000
17058
15858
12846
10938
13464
10438
11768
14601
12906
15944
11460
11400
16320
11938
10381
14102
13070
13362
13103
16637
13690
14374
13910
13143
13540
12498
13154
15570
13094
15097
13023
13071
15125
10556
12874
15588
13239
12432
12460
14839
14793
13335
14927
12117
13274
14408
13303
11139
13127
12840
12474
10330
12857
13288
13365
13303
13134
13325
13350
13086
13129
13046
13047
13123
13058
13200
13158
13003
13101
13035
13124
13137
13294
13281
13421
13180
13092
13119
13043
17314
12716
12776
12847
12846
12886
12703
12867
12833
13015
12957
12638
12819
12919
12818
12992
12788
12967
12964
12841
12718
12923
12840
12978
12793
13127
13050
12752
12772
12891
12809
12866
12855
13034
13032
13003
12924
12964
12973
12989
12818
12843
12925
12771
12908
12840
12794
12937
13168
13129
13075
12975
12894
13018
13006
13053
12874
12564
12923
13187
12885
12903
12862
13056
12982
13106
13113
13062
13019
12856
12918
12991
12886
12943
16195
12975
12805
12978
12830
12842
12811
12946
12683
12840
12901
12902
12787
12950
12876
12853
12825
13167
12975
12954
13003
12908
12862
13018
13019
12972
12809
12646
12862
12827
12819
12836
12762
12985
12975
12929
12836
12952
12836
12994
12840
13174
12886
12841
12787
12992
12882
12807
12985
12894
12725
12905
12791
12960
12726
12868
12822
12919
12691
12908
12886
12813
12742
13014
16082
12933
12763
12987
12722
12880
12882
12829
12842
12962
12919
13021
12900
12803
12779
13071
12768
12547
12777
12875
12857
12918
12676
12897
12798
12870
12876
12699
12792
12946
12894
12862
12927
12763
12779
12906
12818
12856
12726
13033
12906
12905
12917
12933
12898
12797
12848
12750
12837
12960
12357
12972
12873
12849
12765
12929
12915
12908
12883
12903
12864
12807
12771
12932
12923
15930
12703
12946
12915
12891
12860
12812
12833
12928
12920
12770
12905
12863
12915
12831
12929
12768
12942
12888
12780
12855
12807
12902
12926
12806
12954
12834
12940
12744
12900
12825
13059
12960
12902
12821
12935
12879
12931
12872
12873
12868
12919
12749
12885
12922
13032
12852
12909
12927
12866
12777
12814
12743
12880
12832
12867
12763
12884
12941
12922
12813
13006
12749
12838
16257
12845
12736
12776
12637
12843
12876
12980
12895
12840
12859
12931
12784
12890
12823
12925
12892
12910
12943
12882
12885
12818
12849
12917
12856
20000
12595
13912
12940
12908
13007
12748
13073
12833
12882
12950
12947
12795
12937
12886
12921
12953
12860
12861
12968
12749
12854
12854
12862
12702
12908
12704
12925
12873
12903
12855
12863
12948
13043
12827
12914
12721
12853
13005
12857
12986
12910
12969
12905
13078
13124
13171
12970
12946
12938
12907
12928
12798
17653
13012
12824
13011
12772
12935
12651
13091
12890
12905
13102
13069
13064
12889
12994
12769
12970
12899
12910
12808
12978
12886
12921
12874
19273
18701
13133
12941
12966
17953
20000
13405
10405
12315
16032
13192
13229
13018
12866
12896
12910
12813
13055
12894
12806
12922
12998
12879
13004
12877
12729
13052
12882
12801
12923
12929
13078
12795
12913
12992
13000
12900
13075
12671
12597
12822
12577
12723
12646
12762
12712
12530
12581
12696
12601
12581
12688
12783
12510
12703
12672
12673
12557
12683
12640
12766
12704
12638
12532
12765
12568
12768
12647
12674
12630
12840
12737
12856
12619
12756
12715
12768
12664
12754
12665
12923
12783
12716
13121
13086
12820
12976
12760
12940
12795
12706
12637
12704
12507
12286
12408
10896
12381
12391
12405
12252
12473
12311
12331
12259
12394
12241
12268
12113
19084
12313
11866
12034
11809
11727
11715
11777
11986
11736
11728
11808
11754
11671
11510
11561
11433
11570
11832
10889
13220
13238
11006
13811
12194
10379
10354
11419
13665
11219
11024
10387
11441
11295
13369
19707
12852
12735
12854
12817
12992
12822
12847
12765
12849
12711
12808
12685
12752
12697
12671
12827
12963
12778
12870
12775
12869
12820
12828
12597
12770
12707
12704
12772
12712
12761
12783
12923
13037
12789
12916
12861
12833
12756
12911
12842
12939
12667
12960
12853
12888
12696
12734
12797
12918
12776
12955
12809
12837
12810
12878
12902
12961
12930
12957
12738
12786
12779
12792
16185
12748
12677
12770
12698
12742
12770
12667
12700
12594
12666
12780
12739
12728
12566
12843
12730
12827
12629
12779
12715
12728
12743
12762
12833
12705
12650
12850
13200
12823
13048
13014
12984
12729
13044
12926
12925
12989
12997
12797
13015
12981
13088
12980
13263
13087
12978
12930
13069
12951
12969
13131
13119
12912
13082
13052
13215
13146
13283
12969
13005
13213
13080
12986
12898
12967
12930
13003
12921
16892
12893
12824
12772
13102
12816
12975
12933
12941
12795
12764
12898
12789
12888
12879
12854
12932
12813
12758
12901
12908
12837
13011
12963
12775
12788
12821
12560
12651
12655
12720
12609
12666
12609
12353
12641
12655
12733
12560
12731
12835
12538
12760
12849
12595
12725
12739
12578
12753
12762
12643
12748
12725
12668
12796
12644
12680
12627
12561
12613
11505
13036
17166
13018
13044
12727
12827
12848
13006
12929
13609
12941
13089
12882
12974
13110
12853
12539
12892
12847
13050
12870
12872
12948
12927
12990
13021
12951
12855
13039
12878
12924
13074
12994
13054
13023
12889
12690
13057
12986
12848
13071
12926
12739
12828
12627
12838
12705
12919
12484
12760
12773
12729
12758
12766
12594
12627
12641
12583
12765
12535
12634
12714
12531
12562
12431
12636
12577
12618
12612
12590
12606
12736
12596
12730
12588
12730
12553
12775
12755
12684
12719
12719
12656
12587
12711
12722
12479
12665
12624
12645
12609
12575
12497
12825
12579
12645
12806
12853
12560
12690
12729
12686
12560
16333
12477
12638
12602
12677
12587
12677
12592
12756
12618
12627
12518
12591
12654
12579
12591
12706
12717
12643
12658
12605
12593
12725
12686
12567
12660
12721
11078
12439
14175
12813
10325
16123
12887
12756
12989
12969
12810
12865
12767
12902
12380
12774
12863
12898
12770
12948
12751
12844
12750
12839
12628
13056
12785
12801
12867
12788
12755
12853
12595
12832
12867
12926
12603
12588
12753
13089
12677
13032
12908
12951
12544
12943
12707
13030
12781
12820
12742
12991
12864
12799
12839
12840
12802
12724
12789
12944
12867
12899
12960
12863
12918
12909
12861
13119
12972
17036
12864
12922
12806
12995
12746
13038
12957
12951
12698
12973
12841
12962
13068
12855
12768
13176
12771
12956
12844
12852
12900
12972
12892
12948
12601
12821
12779
12918
12891
12830
12728
12928
12670
12962
12692
12773
12800
12981
12808
12981
12858
12838
12774
12946
12806
12990
12708
12856
12830
12871
12802
12931
12616
12885
12905
12842
12867
12814
12706
12930
12775
12868
12766
16796
12855
12814
12925
12773
12787
12840
12780
12836
12687
12839
12907
12990
12779
12952
12681
12949
12822
12844
12780
12903
12900
12705
12874
12835
12761
12789
12788
13047
12768
12849
12802
12826
12667
12931
12779
13004
12801
12755
12892
12955
12873
12904
12662
12837
12666
12874
12686
12980
12816
13006
12794
12923
12676
12659
12814
12844
12820
12650
12773
12597
12539
13008
13007
12803
12718
12736
12718
12840
12745
12762
12822
12861
12762
12809
12745
12732
12720
12703
12684
12776
12897
12728
12783
12741
12598
12744
12800
16504
12672
12658
11332
13156
12921
12953
12879
12905
12893
12737
12861
12869
12980
12809
17048
12822
12842
12826
12897
12858
13054
12873
12896
12791
12884
12795
12861
12739
12760
12935
12914
12886
12928
12826
12894
12766
12879
12849
12818
12820
12747
12835
12926
12892
12824
12860
13060
13316
12984
12818
12923
12796
12892
12875
12955
12632
12881
12892
12935
12621
12796
12772
13183
12948
13061
12948
12836
12819
12858
13111
13143
12940
13052
13061
12882
12882
12814
13037
15951
12942
12997
12903
12977
12884
12841
12874
12842
12995
12873
12705
12852
12835
12800
12774
12810
12867
12916
12902
12979
12729
12725
12851
12826
12824
12813
12796
12926
12714
12746
12930
12869
12755
12916
13229
12977
12672
12676
12783
12838
12678
12588
12774
12545
12664
12625
12665
12862
12762
12809
12717
12730
12655
12667
12540
12764
12624
12654
12718
12976
12647
12799
12702
12811
12744
12817
12731
12679
12778
12784
12588
12662
12697
12679
12677
12878
12731
12676
12670
12679
12741
12754
12612
12678
12662
12863
12643
12864
12674
12734
12846
12821
12680
12860
15960
12856
12693
12738
12693
12659
12666
12659
12646
12753
12624
12691
12675
12723
12722
12739
12584
12664
12719
12592
12678
12680
12711
12615
12690
12769
12713
12643
12604
12738
12615
12711
12693
12715
12618
12699
12590
12774
12593
12757
12522
12823
12618
12639
12594
12613
12625
12700
12670
12691
12660
12728
12697
12703
12617
12637
12661
12757
12623
12788
12616
12606
12531
12697
16827
10000
13683
11013
12603
13021
13055
12844
12915
12757
12981
12800
12787
12873
13012
12921
12847
12721
12653
12981
12529
12956
12766
12942
12934
13067
12502
12974
12679
12783
12794
13042
13002
12925
12879
12948
12751
12914
12992
12789
12752
12934
12729
12857
12859
12890
12877
12799
12750
12767
12699
12965
12722
12835
12770
12954
12701
13067
12873
12851
12928
12710
12917
12878
12602
12982
12687
12918
12986
13028
12928
12796
12720
12944
12890
12790
12824
12949
12786
12855
12719
12714
12927
12958
12791
12827
12830
12965
12677
12974
12927
12932
12856
12864
12803
12937
12868
12999
12938
13087
12790
13062
12948
12975
12840
12935
12876
12894
12787
12968
12747
12992
12709
12570
13050
12852
12900
12842
12898
12794
12756
12773
12906
12793
12918
12825
12897
12810
12856
12824
12823
12828
12667
12961
12739
12870
12897
12778
12996
12759
12824
12816
12839
12765
12945
12804
12733
12725
12926
12749
12781
12803
12675
12931
12955
12763
12884
12941
12929
12979
13167
12867
12699
12740
12736
12822
12588
12705
12697
12663
12580
12698
12776
12740
12534
12774
12578
12725
12785
12659
12646
12693
12819
12726
12657
12812
12664
12832
12780
12712
12780
12730
12814
12694
12713
12884
12681
12861
12680
12745
12683
12757
12724
12699
12638
12802
12779
12758
12716
12820
12700
12759
12837
12846
12669
12738
12712
12876
12761
16181
12783
12745
12812
12708
12742
12829
12642
12701
12663
12607
12714
12737
12534
12751
12785
12766
12715
12922
12856
12744
12719
12816
12504
12826
12638
12719
12722
12691
12588
12938
12647
12802
12633
12683
12476
12752
12677
12874
12705
12777
12632
12613
12561
12725
12670
12735
12647
12730
12753
12779
12759
12830
12648
12852
12626
12805
12685
12731
12715
12678
12697
12693
12638
16160
12765
12594
12716
12763
12674
12771
12729
12756
12757
12757
12647
12812
12769
12684
12622
12802
12663
12744
12663
13012
12857
12924
12809
13047
12856
12908
12820
12973
12931
13197
12859
12955
12888
13073
12969
12946
12949
12919
12833
12939
12624
12862
12794
12784
12936
12923
12730
12940
12881
12850
12818
12963
12967
12887
12953
12802
12841
12587
12903
12805
12819
12916
12913
12756
12526
12874
12943
12900
12840
12989
12823
12913
12839
12948
12879
12848
13045
12915
12869
12960
12823
12916
12804
12923
12843
12825
12822
12979
12996
12959
12846
12841
12981
13005
12921
12890
12830
12946
12898
12893
12752
12791
12839
12732
12974
12847
12637
12585
12775
12742
12747
12789
12777
12547
12741
12732
12839
12844
12873
12872
12788
12698
12639
12740
12897
12729
12788
12438
12771
12749
12792
12771
12821
12685
12753
12734
12732
12599
12753
12728
12787
12645
12762
12722
12817
12820
12691
12735
16739
12723
12835
12676
12721
12643
12756
12745
11643
12853
12815
12684
12766
12734
12721
12626
12810
12576
12852
12677
12703
12732
12666
12663
12731
12823
12694
12695
12613
12643
12739
12691
12798
12570
12770
12663
12285
13006
12967
12711
12892
12859
13009
12818
12863
12823
12907
12724
12866
12831
12947
12877
12891
12819
12949
12849
12775
12996
12984
12833
12902
12830
12840
12850
12954
12729
12807
12880
12766
12755
13018
12830
12885
12864
12994
12864
13012
12925
12874
12864
12749
12884
12741
12802
12775
12774
12884
12854
12948
12838
13012
12873
12896
12767
12775
12771
12710
12919
12907
12938
12770
12764
12910
12869
12939
13048
12833
12776
12884
12953
12848
12896
12901
12816
13020
12775
12902
12839
12840
12758
12687
12855
13001
12958
13005
12823
12873
12843
12842
12834
12848
12749
12861
12961
13048
12989
12990
12934
13021
14799
20000
20000
14352
14180
13971
14711
14007
14109
14193
13082
12962
12909
12876
12958
12819
13000
12813
12587
12850
12927
12852
13009
12801
12881
12837
12894
12650
12865
12768
13005
12813
12936
12959
12884
12938
12984
12845
13097
12803
12939
12859
13012
12742
12996
12863
13057
12767
12833
12822
12967
12880
12872
12869
12979
12856
13041
12887
13060
12962
12894
12924
13022
12893
12950
12786
13028
12888
12967
12810
13166
12808
12878
12767
12633
12800
12811
12810
12927
12772
12882
12889
12719
12545
12906
12903
13067
12843
12837
12753
12846
13008
12822
12909
12903
12783
12890
12727
12872
12766
12816
12669
13005
12878
12789
12916
12924
12895
12783
12945
12930
12768
12861
12691
12876
12842
12918
12914
12873
12900
13011
12851
12940
12850
12654
12840
12660
12916
12939
12887
12958
12995
12892
12850
12948
12821
12794
13055
13027
12558
13097
13011
12884
12921
12943
12971
12828
12833
13139
13016
12902
12869
12941
12752
12962
12916
12868
12821
12955
12835
12795
12959
12915
12802
12909
12961
12894
12764
17121
12902
12777
12670
12786
12668
12837
12691
12771
12783
12811
12690
12702
12624
12804
12658
12909
12776
12691
12842
12754
12650
12824
12753
12770
12732
12868
12700
12917
12688
12850
12697
12924
12947
12831
12791
12885
12683
12809
12740
12847
12907
12781
12839
12755
12868
12802
12709
12955
12904
12983
12799
13115
12762
12918
12792
12897
12801
12945
12795
12852
12961
12914
12885
16216
12804
12724
12683
12834
12589
12912
12713
12911
12687
12687
12744
12797
12684
12747
12707
12772
12600
12818
12694
12804
12582
12786
12650
12721
12653
12641
12605
12729
12693
12746
12653
12719
12659
12747
12608
12803
12707
12863
12749
12824
12710
12557
12575
12807
12699
12740
12650
12694
12647
12771
12784
12879
12805
12779
12627
12717
12643
12662
12676
12776
13049
12785
12681
12654
16790
12716
12737
12716
12750
12855
12624
12750
12697
12738
12696
12644
12658
12732
12566
12656
12603
12623
12672
12674
12661
12777
12806
12656
12707
12686
12684
12585
12746
12699
12687
12621
12667
12654
12712
12678
12736
12599
12681
12569
12762
12705
12693
12660
12685
12728
12725
12582
12698
12621
12725
12579
12673
12712
12723
12720
12745
12793
12688
12597
12656
12700
12632
12752
15941
12669
12733
12734
12658
12660
12771
12677
12719
12643
12718
12492
12714
12506
12675
12611
15723
13944
10781
14749
13147
12785
12639
12754
12842
12720
12679
12829
12714
12841
12810
12731
12632
12685
12750
12839
12814
12860
12712
12758
12658
12708
12810
12680
12599
12795
12642
12762
12708
12702
12649
12820
12842
12769
12672
12687
12760
12742
12717
12791
12740
12808
12766
12717
12700
12726
12763
12840
12817
12874
12707
12673
12677
12736
12643
12860
12993
12864
12654
12754
12638
12675
12748
12761
12606
12940
12608
12821
12757
12843
12700
12774
12749
12836
12714
12736
12825
12760
12626
12884
12623
12895
12693
12724
12762
12842
12755
12715
12658
12836
12666
12803
12674
12665
12701
12721
12680
12763
12716
12670
12642
12734
12591
12818
12651
12795
12664
12680
12709
12788
12415
12831
12706
12788
12576
12824
12702
12689
12727
12710
12718
12840
12693
12681
12751
12787
12624
12634
12751
12719
12703
12774
12692
12839
12702
12700
12765
12826
12745
12704
12701
12748
12693
12650
12519
12715
12660
12618
12643
12784
12703
12733
12645
12834
12638
12747
12722
12685
12606
12585
12697
12806
12610
12670
12647
12681
12589
12725
12830
12745
12726
12797
12588
12695
12683
12998
12674
14275
11187
12820
12632
12989
12607
12808
12833
12796
12620
12743
12648
12834
12699
12727
12667
12817
12686
12773
12800
12739
12768
12695
12806
12835
12810
12716
12645
12831
12874
12700
12721
12901
12664
12757
12782
12675
12773
12703
12704
12807
12749
12715
12711
12803
12756
20000
19690
13030
13056
13027
13116
12884
13069
12848
12871
12985
13051
12976
12900
13043
13002
13160
12866
13027
13031
12919
12927
12853
13102
12996
12999
13138
12919
12872
12987
12876
12924
13158
12898
13157
12941
13038
13033
12929
12852
12868
12904
12899
13076
13080
12924
12919
13016
12822
12851
13198
13057
13137
13015
13033
13010
13000
13060
13033
12886
12949
13025
13090
17104
12721
12723
13015
12987
12938
12797
13000
12855
12998
12865
12668
12906
12956
12846
12998
12963
12817
12852
12939
12740
12925
12908
12958
12850
12594
12869
13020
12986
12983
12777
12956
12925
12868
12900
12986
12800
12957
12822
12939
12792
13034
12808
12908
12803
12923
12929
12949
12930
12978
12819
12944
12828
12892
13035
13109
12899
12857
12998
12840
12894
12809
12902
12991
16221
13005
12819
12885
12803
13006
13040
12855
12999
12961
12816
13022
12793
12911
12889
12924
12776
13050
12807
12873
12913
12911
12890
13007
12814
13034
12729
12926
12781
13010
12927
12815
12696
12778
12850
12959
12848
12891
12944
12964
12904
12986
12574
12808
12792
12976
12949
12981
12883
12889
12886
12919
12785
12782
12721
12919
12848
13027
12780
13089
12801
12867
12810
13063
16972
12958
12850
12982
12995
12836
12845
12927
12969
12815
12838
12917
12954
12974
12840
13073
12886
12843
12997
12750
12871
12731
12818
12900
12913
12814
12894
12903
12972
12842
13007
12803
12896
12961
12797
12877
12891
12770
12922
12744
12932
12926
12957
13054
12885
12870
12939
13030
16987
15151
13098
12815
12860
12624
12741
12714
12791
12664
12726
12568
12823
12744
12714
12513
12814
12595
12811
13060
12856
12617
12901
12574
12788
12711
12712
12709
12608
12694
13969
13932
12850
13065
12771
12660
12854
12879
12897
12876
12817
12871
12886
12967
12768
13022
12988
12847
12742
12883
12971
12912
12884
12826
12825
12937
12794
12656
12907
12699
12792
12969
12807
13022
12826
12892
12934
12957
12902
13010
12984
12918
12871
12700
12932
12985
12921
12838
12874
12912
12899
12995
12984
13059
12830
12976
13040
12877
12913
12864
13061
12887
12808
12881
12793
13008
13074
12824
12920
12980
12965
12977
12922
12763
12862
12836
12941
13002
13048
12857
12984
12868
13034
12694
12829
12918
12659
12753
12875
12757
12896
12858
12869
12798
12786
12777
12832
12878
12743
12849
12802
12991
12694
12857
12911
12809
12820
12877
12681
12991
12677
12778
12785
12955
12916
12836
12813
12760
12872
12913
12845
12824
12836
12903
12877
12900
12831
13032
12634
12766
12736
12702
12805
12660
12663
12746
12728
12713
12764
12806
12859
12810
12871
12816
12736
12824
12831
12796
12835
12632
12828
12832
12759
12667
12885
12794
12826
12853
12799
12768
12658
12759
12894
12832
12660
12938
12733
12929
12767
12848
12755
12801
12860
12815
12755
12793
12748
12688
12792
12933
12736
12746
12757
12770
12703
12705
12686
12578
12627
12682
12785
12715
12705
12765
12643
12716
12758
12822
12696
12682
12699
12737
12717
12684
12739
12835
12709
12695
12706
12704
12610
12760
12734
12741
12750
12650
12622
12719
12605
12695
12615
12801
12720
12760
12670
12764
12668
12697
12653
12812
12727
12765
12807
12780
12770
12756
12614
12734
12838
12772
12788
12680
12760
12676
12815
12769
12689
12717
12781
12652
12589
12769
12679
12752
12591
12719
12650
12746
12653
12673
12720
12609
12698
12725
12615
12647
12678
12643
12678
12760
13015
12860
12740
12724
12724
12572
12671
12723
12757
12778
12720
12749
12838
12615
12868
12669
12756
12615
12786
12517
12683
12636
12756
12690
12708
12695
12770
12607
12870
12733
12814
12629
12768
12683
12670
12781
12693
12615
12715
12747
12807
12796
12745
12690
12666
12680
12905
12702
12742
12742
12726
12573
12809
12592
12725
12769
12820
12640
12640
12665
12814
12646
12615
12785
12849
12769
12716
12601
12753
12643
12800
12724
12697
12670
12812
12615
12864
12689
12776
12705
12737
12799
12668
12588
12677
12637
12685
12646
12790
12603
12753
12669
12755
12673
12651
12688
12688
12718
12763
12537
12671
12736
12690
12660
12725
12723
12713
11301
12725
11287
11748
20000
11247
12254
20000
20000
11220
15002
13334
12940
12698
12676
12757
12820
12619
12740
12609
12788
12638
12696
12647
12853
12692
12752
12681
12786
12648
12840
12584
12712
12761
13124
13265
13002
12992
12955
12913
13263
12873
13226
13102
12951
12781
13093
12952
13060
12868
12910
12820
12967
12907
12881
12832
15584
13074
12886
12769
12959
12831
12985
12848
12901
12962
12915
12669
13023
12967
12790
12911
12831
12805
12793
12980
12989
12902
12817
12863
12959
12983
12751
12920
12848
12214
13024
12820
13007
13044
13117
12882
13055
12812
12932
12896
12951
12873
13112
12727
13013
12718
13008
12844
13106
12868
13009
12713
13024
13002
13060
12990
12955
12892
13000
12650
12999
12766
12893
12696
12885
12747
13005
12833
12926
12872
12857
12786
12963
12756
12791
12910
12690
12806
12789
12726
12957
12911
12899
12775
12922
12915
12964
12471
12917
12861
12963
12761
12948
12882
12825
12841
12710
12848
12907
12918
13032
12610
12868
12519
12943
12916
12842
12851
12859
12802
12712
12849
12851
12712
12949
12703
12999
12845
12895
12852
12973
12873
12745
12757
12691
12832
12701
12767
12764
12729
12877
12722
12765
12913
12598
12888
12755
12885
12720
12691
12813
12850
12811
12728
12830
12812
12793
12658
12698
16652
12635
12585
12608
12667
12672
12704
12676
12640
12676
12654
12778
12608
12606
12672
12725
12697
12594
12699
12678
12656
12715
12716
12700
12608
12630
12632
12624
12619
12691
12639
12792
12816
12722
12730
12652
12899
12770
12879
12694
12620
12640
12614
12746
12801
12694
12757
12786
12682
12734
12789
12709
12749
12671
12787
12811
12648
12696
12679
12644
12826
12653
12856
12625
12731
12732
12673
12658
12695
12661
12633
12646
12589
12571
12726
12665
12601
12673
12707
12611
12594
12675
12688
12661
12622
12707
12763
12601
12678
12594
12765
12582
12727
12649
12532
12671
12717
12634
13229
12805
13153
12855
12885
12973
13004
12918
12980
12761
12900
12870
12709
13044
12963
12560
12622
12613
12670
12671
12695
12661
12690
12556
12672
12639
12727
12618
12638
12734
12563
12596
12681
12537
12601
12716
12726
12671
12642
12599
12594
12535
12567
12631
12688
12680
12570
12573
12616
12552
12565
12583
12556
12758
12619
12688
12642
12598
12564
12596
12622
12567
12545
12587
12549
12506
12677
12676
12658
12747
12676
12479
12628
12651
12708
12550
12695
12633
12737
12731
12770
12657
12813
12793
12655
12661
12659
12568
12617
12750
12796
12728
12662
12852
12781
12783
12694
12852
12773
12696
12881
12637
12739
12704
12635
12563
12695
12643
12779
12666
12535
12570
12648
12634
12573
12616
12660
12661
12636
12527
12625
12704
12638
12609
12656
12596
12650
12630
12679
12621
12671
12644
12617
12571
12712
12581
12617
12563
12738
12605
12577
12795
12694
12636
12724
12720
12810
12613
12649
12795
12654
12628
12725
12677
12669
13447
13195
12949
13048
12845
12920
12636
12927
12924
12914
12942
13143
12972
13060
13008
12872
13054
12999
12890
12901
12884
12799
13025
12848
12914
12714
12954
13109
12878
12998
12860
13080
13029
13129
13092
13116
13029
12876
12899
13003
12865
12938
12909
12978
12935
12960
12932
12961
12995
12849
12970
12980
12892
12972
12792
12887
12895
12932
12802
12898
12907
13021
12963
12960
12965
12980
12944
12843
12803
12984
13081
12994
13029
13126
13134
12952
13052
12873
12973
12999
12914
12890
12955
13013
12902
12956
12809
12785
12896
13081
12924
12999
12849
12689
12757
13088
12860
12923
12964
13053
12985
13089
13008
12904
12935
12994
13074
13251
12986
12984
12907
12945
13022
12876
12963
13090
12947
12963
13033
12930
13093
12965
12978
12967
12867
13033
12978
12953
12977
13029
13001
13043
12873
12920
12943
12914
12908
12908
12827
12804
13073
12891
12522
12761
12719
12698
12800
12832
12693
12750
12692
12641
12716
12822
12661
12738
12659
12740
12747
12809
12618
12534
12635
12608
12609
12628
12609
12810
12578
12689
12743
12707
12709
12736
12637
12750
12648
12625
12791
12690
12682
12797
12762
12764
12758
12831
12868
12754
12627
12753
12672
12785
12685
12668
12812
12753
12693
12821
12735
12838
12615
12666
12613
12806
12751
12765
12609
12643
12684
12707
12729
12720
12659
12576
12679
12654
12634
12701
12777
12662
12624
12761
12616
12696
12661
12641
12791
12618
12650
12650
12634
12738
12652
12667
12804
12662
12783
12696
12629
12634
12675
12671
12684
12613
12625
12873
12591
12718
12668
12744
12537
12729
12728
12621
12687
12692
12614
12640
12627
12644
12590
12691
12766
11706
12827
12821
12760
12782
12589
12666
12691
12694
12681
12771
12645
12673
12594
12864
12653
12802
12552
12866
12773
13030
12813
13053
12885
12776
12855
12653
12701
12726
12757
12748
12728
12763
12768
12675
12758
12679
12705
12724
12850
12355
13004
12995
12986
12798
13009
12873
12959
12811
13047
12875
13050
12940
12842
12981
12836
12910
13036
12920
13047
12761
12979
12832
12961
12976
13046
12772
12891
12914
12967
12760
12966
12996
13017
12784
12926
12721
12872
13073
12866
12973
12908
12949
12994
13008
12945
13019
12934
12693
12897
12886
13001
12817
12908
12843
12844
13036
12932
12850
12897
12880
12994
12862
13048
12924
12836
12824
12836
13008
13043
12946
12908
12928
12952
12782
12979
12814
13021
12906
12985
12857
12949
12799
12891
12640
12819
12874
12874
12759
13074
13013
13096
12969
12925
12873
13064
12851
12901
12963
13034
12903
12960
12627
12867
12999
13049
12710
12985
12789
12823
12731
12837
12764
12950
12757
12975
12891
12876
12711
12371
13055
12792
12697
12726
12646
12703
12708
12656
12672
12690
12856
12783
12659
12661
12775
12641
12593
12631
12720
12740
12715
12609
12692
12697
12686
12568
12685
12712
12669
12691
12698
12560
12729
12762
12552
12734
12721
12667
12671
12589
12692
12698
12868
12698
12690
12674
12684
12721
12714
12721
12717
12599
12602
12472
12650
12517
12635
12382
13092
12960
12877
12751
17072
20000
11040
12801
13078
13092
12856
12904
13007
13004
12901
12929
12889
13080
12927
13026
12945
12964
12852
12796
12693
12929
12841
12936
12914
12948
12781
12916
13071
12941
12923
12932
12896
12976
13003
12903
12772
12987
12923
12955
12907
12992
12812
13014
12874
12945
12870
16708
12987
12942
12814
12794
12901
12944
12937
17797
14380
12923
12917
12611
12778
12847
12704
12701
12793
12723
12626
12735
12796
12853
12670
12625
12780
12748
12842
12761
12817
12784
12711
12908
12744
12664
12708
12733
12771
12784
12788
12640
12793
12695
17364
13029
12824
13015
12930
19056
14287
13090
11140
12831
13557
13736
12974
12936
12895
13186
12881
12786
12984
12992
12971
12800
12901
12958
12757
12959
12896
13024
12867
13108
12924
13008
12789
13184
12904
12932
12969
12934
12977
13062
12964
13042
12802
13082
12781
12990
12961
13028
12877
12912
13084
13109
12970
13172
13136
13173
13053
13122
12926
13126
16392
13020
12918
12966
12939
13029
12935
13028
12876
13142
12968
13057
12881
12983
12524
12988
12905
12997
12814
12850
12932
13091
12892
13026
12931
13042
13007
13026
12914
13083
12910
12972
12824
12922
12610
13065
12890
12853
12930
13018
12761
12889
12759
12924
12997
12871
13018
13041
12861
12949
12923
13068
13011
13046
13019
13025
12835
15317
10479
12955
12968
12953
13098
13012
12847
16524
12840
12837
12830
12854
12968
12738
13132
13026
12882
12729
12923
12900
12757
12908
12901
12755
12781
12774
12870
16881
12678
12883
12643
12688
12734
12773
12717
12621
12747
12723
12742
12636
12707
12627
12766
12672
12826
12770
12720
12884
12866
12800
12878
12660
12720
12683
12862
12684
12802
12698
12874
12826
12761
12896
12639
12836
12785
12769
12860
12761
12715
12862
12791
12743
12750
12731
12861
12712
12888
12647
12682
12715
12768
12656
12769
12740
12744
12800
12816
12811
12841
12797
12703
16010
12841
12871
12808
12756
12770
12746
12840
12673
12663
12706
12722
12599
12809
12688
12703
11460
12907
12824
12778
12638
13329
10182
12639
13847
12949
10300
13064
13297
13543
12984
12764
12769
12729
13106
12711
12737
12745
12713
12743
12658
12680
12914
12732
12720
12764
12739
12755
12727
12720
12757
12735
12710
12727
12867
12639
12697
12759
12874
12743
12675
12961
13114
12954
12811
12731
12894
12850
12887
12823
12800
12770
12904
15924
12891
12716
12753
12726
12744
12622
12849
12870
12754
12715
12663
12706
12811
12714
12623
12884
12802
12751
12926
12770
12869
12561
12678
12682
12931
12751
12714
12685
12730
12741
12951
12672
12805
12683
12803
12730
12638
12722
12781
12670
12814
12724
12721
12656
12707
12796
12748
12856
12677
12760
12797
12734
12815
12707
14366
13576
12903
12739
12641
17807
12217
13099
12722
12770
16405
12697
12786
12559
12755
12692
12781
12643
12906
12678
12713
12778
12660
12650
12855
12806
12856
12693
12799
12768
12593
12806
12868
12623
12860
12689
12813
12741
12682
12612
12721
12846
12753
12704
12760
12657
12689
12645
12696
12766
12790
12707
12784
12606
12947
12723
12894
12879
12778
12618
12770
12726
12614
12867
12736
13052
13181
13035
12888
12892
12997
13056
12948
12954
12957
12932
12866
12867
12672
12650
12751
12609
12765
12619
16356
12814
12809
12846
12765
12862
12894
12654
20000
14426
13937
14362
13937
14316
11089
12074
14280
13978
14445
14031
13855
13836
14029
14394
14119
14428
13743
14359
14476
13903
10666
15526
13361
14355
14469
14059
14507
13188
11345
16174
12283
10931
12103
10832
12608
11287
11312
11323
12004
13092
12914
13046
12755
12762
12897
12899
12716
12941
12866
12782
12910
12758
12983
12980
12817
12762
12837
12754
13015
12961
12857
12757
12840
12792
12734
12802
13004
12926
12774
12714
12805
12928
12900
12813
12889
12832
12919
12931
12849
12782
12854
12843
17095
12643
12695
12700
12651
12774
12644
12632
12548
20000
20000
20000
20000
20000
12710
11537
20000
20000
20000
20000
13425
20000
13317
20000
18032
20000
20000
20000
13202
20000
12791
12340
12241
12069
12317
12423
12414
12331
12361
12329
12362
12464
12461
12359
12317
12377
12356
12394
12243
12105
12051
11976
11863
12062
11859
12070
11893
11882
12160
11848
11614
12335
12334
12455
12204
12418
12286
12384
12193
12370
12404
12413
12247
12247
12451
12331
12368
12362
12470
12458
12164
12569
12271
12447
12348
12344
12450
12374
12289
11038
12478
10286
13415
11967
13843
12119
12016
12865
11980
10215
13911
11877
12215
13448
12228
12119
12105
10378
13934
11963
17281
11148
13587
14539
20000
20000
12715
10339
13502
10440
13241
12947
12836
12268
12234
12182
12082
12241
12073
20000
20000
13441
12577
11771
11258
13063
12265
12043
11954
12982
10366
14185
11980
12928
13671
11980
13283
10319
14199
12103
12284
14014
13922
11946
12847
12170
12856
11812
13025
10309
15249
14124
14060
13902
11411
11067
10685
10617
11923
12935
11995
10727
10718
11072
19521
10883
10319
14059
20000
13891
13928
13773
13979
13770
13896
13573
13971
13541
14590
13874
11434
11433
13985
11147
12170
14524
13925
13805
13086
18620
20000
20000
13034
20000
20000
11799
20000
20000
20000
20000
20000
20000
20000
20000
20000
20000
20000
20000
20000
20000
12954
12470
12475
13438
20000
12761
12245
13716
20000
20000
20000
20000
20000
20000
20000
20000
20000
12771
12394
12194
12340
12172
12701
12219
20000
20000
20000
20000
20000
20000
20000
13087
20000
15422
20000
11856
11794
11364
11622
11620
11513
12571
11451
11248
11389
10959
12035
12365
11520
10948
11268
10377
11719
11524
11446
13627
11490
13597
13103
13301
13088
13115
13228
13146
13286
13248
13331
13329
13217
13208
13023
12971
18343
12935
12718
12777
12807
12734
12651
12819
12857
13109
12731
12884
12842
12918
12890
12905
13004
12930
13049
12818
13058
12846
12823
12800
12936
12894
12862
12947
12891
12939
13031
13194
12900
13104
12966
12898
12783
13083
12917
12891
12465
12854
12754
12984
12816
12855
12903
13994
12990
13162
13065
13093
10829
13503
13361
20000
20000
13063
13210
12930
12999
12916
12928
12951
13028
13111
13033
13098
12970
12920
12287
12983
13005
13037
12931
12820
13008
13070
13132
13223
12958
12921
12950
12999
12884
13157
13475
13198
12982
12832
12728
13069
12984
12975
13030
13058
13237
16086
12818
12652
12626
12700
12802
12574
12793
12763
12737
12621
12744
12718
12770
12590
12852
12799
12722
12712
12639
12688
12722
12725
12908
12631
16598
13154
12425
13738
15313
12834
11176
12666
14834
10617
12704
12483
13635
13122
13019
12806
12991
12929
12526
12710
13018
12759
12847
12800
12869
12743
12822
12767
12838
12723
12551
12790
13971
15961
14110
13950
16829
13645
13184
13057
12852
13238
13017
13016
13198
13069
12932
13038
12989
13156
13225
13045
12932
13021
12958
11807
12420
13395
18060
13040
12758
12952
13055
12843
12981
13083
12820
12947
12935
13051
13548
12946
13057
14401
12773
12991
13122
13158
13122
12997
13058
13145
12923
12869
12932
12966
13094
12990
12923
12985
12964
12789
13043
13086
13102
12917
12976
12913
13070
12928
13173
13046
13051
13063
12963
12914
12954
13056
13214
12908
13080
13126
12986
13212
13140
13170
13217
12937
12886
12888
13141
13161
13166
12871
12554
12618
12637
13251
12183
12144
20000
12314
12581
13031
12181
12530
13105
12203
12558
14749
12125
11935
12616
12756
20000
10307
12245
20000
13668
13717
14015
14132
13844
14349
13643
14074
14545
13823
13135
13199
13063
13183
13051
13161
13275
13214
12861
13103
13063
13071
13035
13226
13156
13121
12900
13187
13196
13278
13114
13158
13175
13188
13186
14442
13221
12982
12907
13407
13318
12965
13000
13145
12966
13122
12987
13206
13154
13259
13150
13287
13112
13123
13114
12991
13204
12903
16281
12901
12863
12727
12857
12892
12932
12928
12633
12764
12697
12915
12849
12984
12765
12846
12954
12809
12784
12990
12856
12797
12809
12964
12895
12866
12868
12850
12867
13008
13126
12990
12798
12809
12748
12933
12883
12942
12920
13005
12864
12965
19749
13230
13024
13018
12964
19012
11190
12952
13161
12699
12841
12786
13012
12776
12844
12795
12907
13002
12484
12669
13115
12848
12927
12723
12812
12785
12963
12749
12894
12825
12844
12846
12819
12784
13078
12900
12934
12787
12979
12829
12900
12829
12919
12695
12847
12706
12876
12672
12933
12971
12920
15493
12924
11670
11385
11151
14106
13067
13088
13191
13022
13398
13057
13068
12904
13007
12892
13111
12637
12961
13149
12878
13120
13067
12875
12741
13099
12831
12863
12770
12842
12844
13039
12808
13011
12736
12777
12875
12817
12736
12882
12827
12894
13097
12968
12825
13027
12744
12919
12831
13273
12904
12921
12890
12935
12800
13001
12926
13119
12923
13082
12878
13074
12737
13010
13948
13896
13019
12932
12941
12851
12927
12790
12815
12783
12947
13052
12932
12949
12877
13092
12875
13063
12979
12942
12691
12768
12827
13022
12800
13037
12827
13087
12942
12880
12737
12882
12935
13023
12845
12885
12844
12853
12848
12991
12847
12930
12643
12982
12887
13043
12822
12848
12825
13036
12934
12936
12819
12942
12805
12924
12830
12940
12906
13043
12758
12672
12924
12962
12784
12942
12819
13019
12861
12918
12966
13035
12906
12923
12854
12959
12669
13024
12884
12924
12720
13106
12698
12927
12739
12987
12821
12966
12985
12919
12846
12919
12703
12919
12467
12919
12820
13038
12852
12860
13018
12658
12901
12976
12817
12904
12937
12732
14133
13173
12770
12908
13733
13932
12951
12937
12853
12775
12881
12646
12818
12947
12926
12823
12815
12944
12802
12885
12811
12917
12837
12844
12727
12947
12841
12850
13014
12992
12916
12760
12791
12726
12655
12865
12955
12884
12870
12727
12812
12757
12831
12785
12805
12933
12893
12947
12869
12884
12844
12925
12819
12911
13067
12991
12924
12762
12735
12901
11416
11336
12118
10150
13479
13198
12809
12936
12783
13074
12883
12981
12800
12978
12630
12883
12787
12994
12898
12832
12577
12944
12758
12920
12792
13001
12584
13037
12835
12998
12628
13005
12913
12895
12729
12940
12775
12926
12793
12880
12833
13075
12823
12971
12882
12943
12828
13093
13076
12985
12894
12854
12878
14436
16807
12945
12697
11023
15085
13348
12886
12799
12741
12829
12631
12986
13357
12894
12948
12944
12898
12813
13049
12936
12884
12851
12815
12847
12834
13070
12997
12895
12902
12923
13012
13113
12987
13232
13214
13025
13055
12896
12983
13095
12924
13160
13135
13043
13065
12996
12919
13103
13055
13288
13168
13150
13129
12976
13046
13085
13278
13141
13074
13008
13026
13016
12970
13192
12826
13015
13058
13010
13044
12800
13105
13190
13083
13209
13110
13220
13048
13144
12914
12964
12972
12927
12905
13089
13048
12964
12948
12899
12900
12758
12931
12950
13024
12951
12841
12999
12993
13021
12994
12936
12972
12961
12835
12931
12970
13031
12898
13002
12886
12851
12836
12838
13067
13064
12985
13106
12902
12925
13416
13068
13013
12964
13004
12945
12960
12875
12968
12862
12956
13007
12825
12936
12825
12829
12878
13015
12851
13031
12809
12994
12914
12745
12911
12834
12987
12839
12581
13200
12865
12810
12896
12921
12737
12973
12748
12841
12759
12834
12753
13060
12844
12879
12813
12937
12846
13016
12766
13025
12856
12818
12736
13014
12925
12931
12657
12625
12470
12868
12563
12964
12810
13005
12685
12914
12796
12881
12928
13140
13489
12301
13301
14396
13559
13091
12878
13111
12761
12945
12674
12971
12784
12881
12828
12954
12859
12883
12743
13017
12717
12977
12816
13012
12857
12950
12844
13083
12782
12828
12707
13052
12781
13059
12832
12901
17399
13231
13058
13137
12928
15014
11560
12931
13013
12925
12699
13237
12981
13080
12872
12883
12924
12969
12938
13017
12888
12984
12978
10907
12253
12000
12878
13073
12981
12978
13009
13005
13104
13127
12966
12922
12903
13040
12898
12856
12764
12816
12891
12951
12888
12717
12734
12716
12937
12980
12829
12948
12926
12916
12952
12798
12845
12973
12995
13024
12925
13009
12815
12886
12998
12822
12833
12981
12884
12928
12929
12885
12970
13045
12762
12958
13088
12849
12994
13005
12657
12893
12831
13088
12800
12902
12594
12839
12730
12809
12928
12896
13128
13037
12995
12919
12962
12725
12946
13008
12719
12930
12836
12849
12784
12960
12785
12874
12958
12890
12934
12833
12921
12741
12815
12914
12727
15291
10132
12865
13063
13007
13053
12978
13004
13024
13047
12948
13105
12858
12985
12979
13005
12812
13243
13173
18011
12820
12712
12817
12911
12758
12699
12730
12794
12788
12954
12874
12749
12513
12753
12286
13069
12945
12810
12714
12830
12849
12869
12505
12826
12885
12871
12744
12774
12704
12912
12733
13112
13186
12499
12710
12191
13029
12974
13037
12858
12808
12857
12809
13006
12769
12898
12920
12920
12863
12966
12905
12883
12885
12867
12824
12917
12878
13134
12930
13019
12554
11929
12720
13745
12750
13036
12929
12992
12763
12992
13057
13352
13148
13048
12953
12732
12858
12925
12976
12711
13019
12743
12969
12872
13091
14360
12973
12789
12668
12466
15588
13060
13061
12796
13009
12852
12985
12432
12997
12788
13115
12960
12903
13000
13102
12881
12894
13034
13030
12805
12862
12807
12940
12829
13015
12770
13095
12985
13001
12945
12988
12864
12988
12923
12970
12868
13183
12986
13176
12851
13166
12852
12976
12687
12854
12854
12951
12814
12982
12818
12903
12796
12989
12800
12935
12705
12979
12887
12916
12870
12766
12886
13055
12869
13038
12846
12880
12811
12823
12727
12855
12893
12988
12888
12869
12729
12980
12882
13006
12881
12792
12870
12814
12826
12970
12737
12902
12855
13167
12948
12892
12705
12733
12844
12780
12921
12942
12717
13069
12638
12927
12769
13084
13190
12967
12836
13045
12038
13005
12837
12912
14761
13569
12984
13005
12813
13030
12827
12931
12922
13228
12893
13020
13684
12949
12983
12867
13010
12864
12816
12877
12910
12868
13004
12933
12800
12883
12865
13007
12945
12891
12923
12679
12781
12981
12885
12891
12868
12742
12959
12805
12786
12856
12833
12909
12960
12942
12731
12847
12796
12797
12914
12966
12754
12819
12783
12942
12878
12923
12938
12745
12738
12851
12899
12732
12712
12724
12992
12992
12820
12613
12888
12953
12927
12861
12910
12719
12803
12735
12918
12646
12873
12883
12868
12783
12851
12829
12890
12857
12758
12847
12794
12834
12776
12873
12811
12858
12856
12770
12709
12897
12817
12769
12893
12926
12832
12812
12907
12616
12824
12909
12820
14833
13062
13209
12821
12989
12890
12858
12902
12931
12841
12927
13048
12936
12877
12877
12819
12898
13071
13025
13100
13108
12688
12895
12768
12792
12979
13036
12914
12720
12711
12665
12589
12674
12639
12749
12668
12662
12696
12704
12722
12597
12734
12792
12932
12836
12755
12803
12759
12817
12683
12878
12682
12781
12663
12800
12622
12720
12671
12736
12637
12742
12713
12724
12797
12759
12717
12889
12670
12713
12752
12771
12834
12806
12848
12805
12864
12714
12647
12747
12666
12791
12818
12795
12806
12706
12957
12766
12847
12659
12663
12668
12674
12793
12730
12636
12636
12727
12647
12716
12681
12693
12829
12583
12674
12689
12700
12830
12731
12700
12719
17549
13053
12836
12766
12818
18261
13162
12996
13036
12923
12891
12994
12946
13012
12997
12983
12988
12863
12848
12996
17560
13016
12787
12925
12926
12835
12943
12990
13321
12743
12705
12683
12798
12683
12709
12689
12876
12697
12980
12731
12823
12669
12849
12796
12975
12796
12729
12543
12802
12279
13017
12814
12837
12763
12729
12625
12768
12734
12758
12818
12776
12767
12843
12802
12441
12718
12863
12727
12962
12793
12957
12658
16907
12694
12803
12712
12873
12737
12772
12769
12733
12648
12737
12735
13047
12613
12811
12542
12834
12669
12850
12723
12867
13231
12848
12705
12839
12680
12771
12732
12927
12545
12899
12659
12868
12880
12672
12916
12987
12688
12839
12670
18518
13374
13030
12857
13130
18153
13347
13090
12968
12886
12803
13096
12960
13045
12784
13078
12935
13001
12838
13096
12978
13196
13001
13099
12926
13088
13098
12947
13052
13078
12941
13045
12956
13000
12873
12974
12892
12981
12883
13055
12966
12728
13110
13080
13089
13163
13016
13177
13086
13194
12961
12982
12972
13093
16205
12994
12864
13059
12823
12982
13050
12963
12973
12945
13037
13110
12788
13027
12902
12930
13057
13030
12897
12898
13033
13022
12958
12914
12877
13010
12892
12856
12984
12906
12971
12995
12871
13046
12960
12697
12873
13070
12740
13049
12883
12880
12722
12950
12712
12938
12782
12887
12944
12903
12960
12954
12925
12994
12876
12962
12873
13026
12997
12705
12804
13066
12820
13077
17059
12950
12733
12923
12704
12789
12866
13081
12894
12940
12800
12839
12839
12945
12748
12841
12786
12996
12869
12982
12592
12992
12876
12888
12848
12823
12791
12872
12858
12971
12955
12920
12866
12821
12950
12861
12862
12981
12845
12947
12914
12837
12716
12891
12849
12996
12958
13018
12797
12925
12916
12948
12853
12809
12894
12954
12821
12746
12797
13062
12721
12942
12959
12895
16051
13026
12869
12862
12812
12968
12903
12960
12856
13112
12905
12587
12603
12889
12975
12925
12849
12583
12712
12741
12966
12684
13048
12690
12826
12842
12772
12861
12723
12792
12891
12719
12783
12719
12865
12897
12641
12631
12747
12873
12705
12764
12644
12762
12574
12594
12728
12652
12866
12752
12665
12638
12720
12827
12912
12755
12810
12813
12676
12761
12655
12767
12781
12743
13011
12665
12729
12998
12831
12870
12876
12658
12861
12836
12865
12809
12886
12760
12900
12737
12833
12715
12725
12760
12726
12759
12799
12786
12984
12704
13143
12980
12854
12872
12814
12906
12809
12819
12771
12859
12726
12808
12819
12867
12740
12823
12742
12797
12753
12774
12894
12706
12760
12644
12830
12838
12630
12635
12875
12777
12669
12745
12713
12751
12718
12713
12890
12915
12568
12803
12692
12677
12629
12784
12790
12722
12891
12819
12826
12755
12726
12781
12818
12873
12729
12720
12657
12748
12695
12846
12784
12609
12681
12762
12791
12753
12795
12804
12824
12736
12814
12759
12698
12741
12828
12798
12909
12793
12761
12754
12798
12825
12783
12818
12838
12850
13050
12844
12832
12784
12804
12743
12836
12711
12853
12691
12992
12760
12813
12633
12819
12681
12849
12741
12788
12615
12718
12622
12764
12694
12697
12568
12809
12590
12784
12619
12693
12974
12935
12873
11433
12677
12950
12629
12764
12703
12676
12664
12769
12626
12848
12594
12923
12845
12659
12738
12849
12568
12767
12749
12855
12953
12792
12746
12797
12837
12735
12664
12930
12788
12673
12796
12729
12822
12783
12761
12846
12804
12790
12692
12913
12773
12744
12652
12921
12874
12764
12736
12859
12890
12837
12782
12882
12926
12842
12823
12724
12738
12764
12727
12839
12696
12936
12756
12857
12778
12883
12792
12926
12863
12697
12823
12911
12793
12770
12833
12956
12654
12809
12814
12791
12782
12792
12770
12813
12784
12898
12794
12806
12775
12780
12739
12807
12766
12819
12611
12849
12679
12774
12746
12986
12803
12807
12724
12887
12761
12685
12816
12803
12575
12805
12730
12855
12880
12874
12761
12908
12771
12760
12712
12846
12655
12873
12638
12795
12667
12833
12638
12711
12763
12685
12759
12753
12715
12806
12902
12821
12857
12818
12740
13261
13032
13020
12999
13020
12763
12960
12862
12936
12864
12907
12813
12989
12887
12893
12979
13119
12706
12969
13058
13002
13018
13114
12901
12959
12965
12995
12989
12957
12846
12988
12800
13079
12873
12990
12838
13222
12905
13017
12928
13066
12808
13104
12985
13224
13043
13022
12839
13026
12916
13033
16159
13192
12801
13022
12861
13018
12920
12879
12682
12966
12864
13047
12766
13007
12819
12996
12813
13031
12757
12996
12977
13001
12783
12915
13052
13075
12857
12901
12985
12972
12891
13004
12897
12939
12808
12871
12688
13099
12775
12985
12806
13092
12883
13025
12850
13029
12893
12870
13098
12961
12954
12989
13017
13132
13044
13133
13082
12979
12980
13064
12999
13107
12956
12958
16724
13156
12870
12869
12933
12872
12951
13032
12659
13050
12906
12945
12771
13041
13041
12833
14369
13082
12634
12832
12631
12838
12698
12866
12739
12957
12644
12825
12728
12879
12896
12867
12818
12691
12875
12879
12842
12982
12852
12909
12966
12878
12832
12959
12896
13074
12985
12963
12904
12864
12788
12873
12940
13002
12896
12847
12898
12883
13064
13052
12885
12974
12997
12884
12967
12737
12946
12968
13045
12995
13113
12998
12978
12815
12711
12904
13019
16909
12955
12920
12985
12933
12929
13083
12972
12949
12927
12959
12974
12881
12870
13029
13094
12866
12702
12889
13039
12997
12923
12873
13002
12785
12841
12954
12948
12934
12996
12954
12848
13018
12947
13004
12819
12912
13008
12859
13029
12947
12932
12906
12931
12905
13076
13129
12986
13004
13091
13117
13269
13135
13101
13219
13072
13096
13115
13083
13074
12846
13129
13129
12914
16265
12933
13105
12928
12900
12950
12790
12944
13064
12854
12885
12866
13011
12955
13028
12975
12933
12958
12814
12910
13004
12860
12869
12884
13011
12915
12915
12849
12854
12961
12873
12917
12934
12994
13182
12987
12833
12602
13013
12680
12782
12703
12709
12727
12913
12673
12836
12619
12790
12687
12744
12711
12773
12724
12847
12648
12929
12727
12985
12735
12836
12699
12836
12696
13018
12588
12912
12691
12752
12720
12739
12700
12689
12646
12828
12568
12745
12564
12883
12584
12820
12541
12776
12704
12855
12693
12942
12724
12884
12556
12908
12669
12740
12645
12846
12579
12755
12553
12679
12583
12757
12692
12745
12577
12853
12494
12783
12673
12912
12528
12907
12846
12973
12563
12940
12707
13013
12870
12960
12579
13016
12673
12734
12551
13115
12232
12918
12631
12829
12617
12751
12686
12755
12662
12784
12634
12898
12618
12706
12719
12789
12608
12879
12717
12785
12655
12779
12565
12897
12551
12998
12668
12745
12734
12781
12586
12914
12691
12940
12700
12993
12621
12851
12602
13001
12642
12759
12609
12847
12593
12828
12626
12826
12892
12861
12764
12779
12647
12863
12796
12699
12865
12987
12768
12946
12819
12821
12626
12821
12860
12688
12654
12792
12498
12707
12702
12766
12545
12728
12716
12805
12642
12762
12790
12668
12725
12792
12697
12948
12740
12735
12797
12703
12778
12866
12722
12768
12808
12681
12641
12817
12709
12798
12824
12947
12646
12711
12653
12716
12728
12726
12697
12790
12695
12626
12537
12615
12690
12750
12642
12882
12577
12743
12580
12812
12808
12716
12802
12919
12748
12807
12692
12659
12834
12774
12644
12794
12696
12800
12751
12946
12633
12762
12526
12871
12726
12802
12679
12645
12756
12738
12616
12801
12665
12778
12623
12757
12639
12711
12712
12960
12722
12840
12749
12803
12645
12767
12646
12719
12688
12638
12632
12577
12596
12789
12574
12788
12798
12667
12687
12687
12696
12980
12557
12844
12577
12674
12732
12635
12653
12723
12597
12717
12766
12795
12687
13087
12864
12850
12630
12856
12630
12847
12590
12768
12753
12882
12746
12864
12668
12795
12751
12848
12646
12803
12593
12813
12553
12728
12603
12713
12696
12730
12686
12860
12512
12758
12639
12838
12684
12774
12633
12824
12611
12687
12673
12861
12534
12753
12652
12800
12288
12904
11102
12486
12973
13276
13019
13226
12894
13016
13088
12909
12881
12967
13133
13002
12875
13021
13114
13066
12988
13017
13043
13045
12908
13070
13042
13046
12923
16524
13217
13007
12908
13023
12968
12986
12955
12967
13092
12882
13041
12968
12939
12993
12917
13053
13022
13183
12995
13129
12904
12993
12916
12833
12816
12936
12955
13100
12814
13037
12969
12791
12872
13039
13096
13125
13002
13110
13029
13066
12974
12731
12953
12999
12959
13142
12786
12915
12902
13051
13021
13069
12967
13071
13175
13061
13101
13164
13003
13077
13055
13000
12987
16859
12857
13133
12787
12904
13002
13224
12796
12905
12877
12754
12574
12807
12651
12795
13043
12725
12692
12880
12712
12768
12654
12851
12775
12939
12693
12778
12704
12784
12746
12746
12701
12760
12791
12824
12771
12749
12760
12823
12818
12874
12711
12815
12732
12797
12688
12826
12666
12805
12734
12803
12710
12734
12787
12816
12735
12739
12759
12804
12716
12796
12599
12883
12612
12865
12787
12827
12609
12788
12669
12783
12672
12710
12685
12862
12788
12829
12712
12859
12745
12784
12773
12781
12699
12875
13445
14481
20000
11298
12650
14468
14928
13833
12916
13289
13022
12987
12836
12933
12882
12698
12793
12607
12826
12782
12852
12898
12882
12674
12746
12754
12819
12743
12874
12786
12722
12671
12835
12573
13033
12777
12954
12680
12819
12700
12878
12639
12823
12615
11977
13257
13103
12948
12919
13099
13166
12827
12783
12970
13056
12853
13023
13093
13336
12897
15753
12960
12721
12847
12784
12787
12898
12845
12956
12902
13029
12741
12644
12784
12747
12770
12777
12758
12917
12717
12809
12667
12737
12698
12707
12913
12649
12712
12641
12702
12610
12695
12718
12629
12569
12650
12714
12622
12728
12711
12693
12670
12689
12731
12765
12745
12731
12695
12676
12766
12729
12744
12759
12650
12751
12778
12637
12699
12706
12765
12820
12832
12806
12587
15964
12893
12673
12621
12738
11010
12282
12863
12783
12703
20000
12340
13223
12943
20000
12308
13376
18995
20000
12055
11702
19524
11512
13619
11603
18537
13750
17052
11269
12192
12935
13088
12874
13042
12861
13378
12910
12989
12783
13016
12940
13002
12932
13095
13009
13007
13011
13109
13062
13057
12719
13282
12873
13041
13036
12970
13069
13115
13091
13061
13078
12909
13157
12993
12796
12945
13400
12850
12451
12799
12796
12659
12808
12611
12861
12593
12927
12618
12974
12585
13000
12719
13019
12635
12760
12625
12913
12669
12681
12722
12767
12674
12832
12589
12798
12650
12931
12674
12713
12623
12831
12689
12790
12620
12807
12830
12920
12677
12790
12626
12847
12635
17362
12709
12675
12581
12699
12621
12860
12553
12786
12757
12838
12575
12814
12558
12759
12680
12762
12801
12824
12663
12728
12665
12706
12643
12756
12637
12815
12621
12774
12668
12807
12606
12729
12684
12872
12232
12044
12978
12808
12860
13108
12886
12992
12919
13008
12891
13002
12842
12995
12761
12858
12898
12875
12865
12817
12814
13026
13019
13262
12843
12866
12930
12884
12890
12806
12808
12615
12759
12848
12901
12754
12964
13029
12904
12824
12935
12948
12809
12979
12938
12955
12815
12994
12899
13017
12972
13275
13093
12963
13077
12735
12775
13062
12970
12955
12948
13126
12965
12946
12991
12937
12926
12993
12896
12874
12844
12953
12656
12865
12873
12975
12801
13033
12821
13049
12825
13011
12477
12934
12756
12899
12861
12922
12729
12957
12832
12948
12921
12936
12956
13042
12947
12927
12711
13036
12871
13061
13029
12875
12936
13015
12940
12961
12833
12945
12861
13752
13769
13004
12845
12930
12746
12826
12737
12895
12911
12917
12875
13102
12828
12973
12963
12910
12872
12702
12813
12560
12803
12850
12775
12884
12831
12829
12891
13018
12833
12968
12884
12872
12886
12741
12893
13113
12789
12979
12951
12951
12638
13088
12820
12890
12883
13053
12958
12997
12897
12939
12923
12906
12971
13088
13005
12941
12845
12931
12880
12946
12767
12971
12935
12781
12874
12843
12974
12995
12995
12861
12860
12851
12856
12950
12727
13009
12970
12859
13004
12944
12983
12766
12914
12693
12858
12843
12908
12933
12712
12736
12959
12815
12709
12670
12887
12668
12783
12881
12853
12926
12618
12868
12917
12747
12861
12907
12919
12742
12815
12840
12670
12920
12967
12843
12790
12933
12745
12623
12873
12615
12731
12624
12552
12625
12668
12679
12731
12822
12757
12776
12651
12625
12696
12690
12849
12681
12705
12767
12683
12728
12672
12627
12921
12612
12767
12762
12700
12663
12822
12711
12871
12724
12781
12733
10407
12914
13087
12697
12779
12677
12822
12676
12872
12705
13996
12393
12811
12319
12662
12087
12107
12084
12237
12441
12392
12644
12396
12755
12252
12907
12388
12734
12465
12604
12385
12450
12265
12456
12545
12310
12512
12433
12464
12461
12317
12389
12416
12402
12593
12656
12631
12157
11385
12288
12304
12210
12156
12083
11974
12155
12196
12177
12049
12057
12282
12358
12622
12652
12535
12343
12434
12619
12640
12371
12601
12411
12529
12399
12340
12580
12430
12366
12464
12497
12508
20000
12339
12274
12413
12327
12308
12258
12517
12342
12246
12240
12568
12560
12320
12367
12450
12268
12260
12398
12411
12219
12529
12430
12473
12420
12229
12369
12545
12372
12388
12375
12560
12357
12163
12014
12117
11989
11851
11952
11853
12022
11978
11888
12065
11949
11856
12039
11894
11813
12088
12052
12110
12185
12020
20000
12388
12431
12511
12619
12382
12452
12116
12312
12406
12418
12485
12369
12504
12405
12403
12384
12387
17820
12512
12296
12666
12405
12294
12084
12023
12237
12526
12225
12425
12325
12369
12348
12370
12406
12410
12276
12690
12732
12481
12233
12404
12300
12429
20000
12479
12607
12195
12298
12459
12328
12454
12355
12563
12355
12608
12126
12328
12295
12513
12292
12219
12005
12013
12183
12042
12064
12129
11919
12234
12357
12306
12438
12296
12413
11931
12005
11818
11921
11777
11839
11826
11888
11722
11936
12109
11962
11796
12130
11758
11877
12037
12125
11981
11976
11973
12091
11871
12139
12439
12349
12501
12408
12630
12236
12326
12435
12600
12288
12615
12192
12374
12242
12380
12467
12477
12151
12444
12451
12448
12378
12449
12457
12383
12300
12407
12418
12587
12303
20000
12430
11982
12260
12267
12580
12293
12437
12222
12316
12145
12183
12285
12500
12084
12314
12364
12352
12505
12446
12490
12498
12516
12226
12593
12618
12248
12449
12544
12190
12123
20000
11171
11094
20000
20000
20000
20000
12525
12518
12455
12372
12538
12355
12343
12441
12493
12444
12354
12566
12354
11541
12371
12503
12446
20000
12925
11930
12017
12010
11925
11964
11787
11917
11960
12123
11981
12147
11874
12075
11902
11998
12074
12121
12085
12083
12278
12044
11893
12143
12049
12138
11988
12188
12344
12500
12467
12361
12482
12323
12423
12371
12373
12285
12469
12323
12389
12450
12340
12499
12371
12293
12656
12231
11972
12259
11931
12293
12484
12240
12369
12525
12281
12296
12393
12395
12373
12537
12441
12353
12350
12370
12546
12237
12431
12428
12414
12448
12503
12255
12604
12432
12321
12499
12023
12414
12322
12308
12237
12495
12391
12331
12481
12469
12377
12224
12458
12604
12459
12453
12614
12583
20000
12626
12160
12064
11921
12128
11984
11978
11904
12064
11868
12097
12006
11977
11905
11895
11990
12165
12163
12118
12071
12080
12030
12177
11966
12208
11855
12105
12533
12047
12129
18310
12394
12029
13021
12385
12381
12153
12106
12118
12144
12065
12205
12219
17992
19409
19012
15158
11713
13540
15494
11478
11519
12335
17539
12104
12217
13810
12200
14872
12457
14434
12073
14473
12195
14025
12171
12000
13309
10113
11626
10350
11607
11415
11392
10511
11910
11134
12816
11574
10413
11683
11231
11530
11677
11381
11301
12973
12817
12894
12650
12746
12783
12806
12654
12799
12689
12770
12812
12834
12786
12749
12599
12945
12744
12784
12709
12817
12853
12900
12699
12796
12705
12738
12872
13033
13032
12797
12784
12769
12822
12756
12876
12825
12834
12974
12896
12925
12790
12936
12900
12948
12860
12927
12712
12894
12799
12861
12988
12787
12912
12724
12844
12871
12878
13128
12739
13227
12990
12890
12969
12917
12639
12878
12678
12657
12740
12874
12675
12731
12743
12850
12707
12773
12770
12634
12601
12697
12574
12833
12610
12833
12726
12698
12690
12744
12715
12742
12683
12788
12641
12723
12713
12746
12492
12749
12610
12788
12502
11812
14848
13220
12482
12947
12654
12854
12828
12724
12674
12766
12689
12671
12649
12647
12955
12787
12631
12763
12665
12772
12746
12921
12814
12742
12656
12738
12659
12759
12658
12681
12742
12875
12839
12769
12706
12709
11343
12840
12748
12687
12714
12867
12750
12811
12806
12745
12630
12775
12766
12815
12734
12947
13615
12124
13408
18222
12926
12929
12898
12883
12974
13045
12766
12883
13104
12968
13029
12940
13115
12906
12957
12949
13003
12800
13002
13001
13093
12875
12984
12880
12878
13009
12989
13055
12934
13020
13103
13045
12819
13095
13138
13029
12921
12764
13017
13142
13039
12955
13132
12937
13360
12785
12675
12810
12820
12817
12767
12911
12766
12834
12792
12772
12835
12692
12774
12753
12817
12727
12766
12654
12717
12883
12706
12828
12821
12582
12670
12768
12631
12687
12650
12844
12749
12705
12681
12776
12692
12815
12796
12781
12701
12636
12633
12819
12683
12725
12754
12739
12685
12731
12668
12751
12643
12858
12686
12806
12645
12781
12663
12729
12687
12737
12794
12702
12738
12698
12710
12695
12738
12819
12717
12867
12782
12771
12829
12856
12747
12814
12714
12785
12705
13104
12975
13049
13019
13138
13109
12982
12929
13115
12988
13153
12966
13123
13047
13172
13158
13071
13097
13005
16407
12733
12865
12721
12884
12950
12913
12888
12933
12957
12773
12955
12970
12898
13026
12899
12927
12829
12708
11014
13486
12972
12829
12844
12785
12797
12644
12842
12805
12858
12766
12813
12846
12802
