count
20000
20000
20000
20000
17760
15124
16550
16889
15100
15214
18636
12187
11481
18682
13808
12160
14282
11527
11968
11365
11326
12168
12867
11976
11489
11839
11807
11782
11694
11749
11651
11558
11495
11697
11446
11415
11452
11816
12118
11803
11472
11838
11808
11720
11461
11469
11802
11912
11681
11447
11846
11431
11461
11809
11469
11546
11807
11494
12188
11780
11800
11813
11847
11718
11457
11571
11467
11503
11736
11807
11761
11507
11404
11678
11515
15412
11517
11447
11672
11817
11613
12121
11607
12013
11985
11914
11937
11433
12065
11799
11451
11527
11512
11724
11485
11421
11506
11920
18705
12521
13491
18225
12240
10449
11627
20000
11803
10215
19893
11914
11880
11067
11540
12205
11596
12239
12488
12263
14137
12459
13091
14622
18530
11827
11513
14056
12096
15036
11514
11610
11335
11369
11662
11692
11329
11335
11371
11584
15126
11853
11281
11413
11568
11392
11620
11323
11382
11592
11341
11324
11300
11340
11767
11430
11365
11646
11323
11913
11377
11345
11479
11444
11991
11325
11298
11415
12409
12123
11550
11429
11741
11457
11694
11723
11924
12230
11697
11665
11361
11403
11718
11448
11854
11403
11407
11880
11424
11640
11372
11710
11437
11425
11677
11955
11391
11396
11460
11654
11362
11377
11422
11895
11712
11408
11428
12319
11716
11754
11775
11550
11417
11848
11721
11403
11436
11482
11531
11744
11437
11718
11374
11776
11655
11434
11399
11411
11482
11677
11751
11794
11396
11780
11643
11442
11432
11413
11373
11687
11429
11428
11370
11452
11651
11432
12721
11718
11412
11995
11417
11755
11340
11465
12165
11763
11436
11709
11379
12069
11448
11399
11726
11718
11720
11716
11426
11767
11404
13651
11457
20000
11547
11420
11749
11389
11476
11341
12284
11668
11475
11369
11498
11799
11691
12151
11448
11432
11410
11702
11732
11418
11385
11391
12018
11717
11436
11745
11544
11737
11556
11394
11521
11720
11656
11448
11472
11347
11742
11661
11806
11445
11401
11409
11728
11396
11461
11376
11601
11687
11793
11732
11895
11381
12102
11383
13406
11452
11737
11839
11397
11509
11321
11488
11650
11405
11349
11477
11467
12007
11086
11501
11699
11440
11580
11497
11414
11467
11343
11769
11428
11379
11408
11421
12198
11420
11415
11793
11704
11678
11740
11452
11396
11907
12005
11358
11443
11802
11381
11720
11368
11470
11505
11857
12080
11801
11444
11411
11404
11710
11383
11448
11416
11421
11570
11455
11410
11475
11686
11678
11816
11445
11383
11770
11642
11408
11711
11520
11390
11785
11386
11408
11817
11435
11634
11441
12277
11824
11370
11752
11401
11789
20000
12086
12576
14119
12158
15348
12678
12012
10849
12568
12219
11511
12102
11445
11468
11803
11403
12029
11405
11467
11387
11396
12088
11414
11490
11477
11753
11627
11376
12368
11767
11911
11652
11435
11423
11731
11417
12071
11492
11470
11426
11516
12010
11461
11443
11754
11448
11764
11357
11433
11401
11785
11627
11759
11347
11488
11460
11691
11849
11392
11396
12254
12207
11850
11671
11843
11452
11429
12035
11966
11552
12189
11501
11444
12152
11387
11443
11480
11442
11429
11694
11429
11484
11403
11413
11548
11430
11464
11727
11794
11907
11752
11378
11452
11532
11752
11461
11443
11759
12235
11634
11433
11443
11423
11389
11622
11735
12068
11424
11738
11608
11368
11441
11781
11364
11592
11814
11401
11361
11443
11714
11710
11730
11387
11480
12381
11456
11382
11358
11391
11703
11402
11448
11800
11501
11676
11444
11394
12328
11719
11786
11785
12715
11674
11375
11631
11858
12144
12070
11840
11785
11822
11566
11665
11908
20000
20000
15302
11858
11444
11974
11695
11869
11370
11453
11364
11693
11392
11474
11385
11443
12005
11766
11434
11488
11465
11690
11364
11763
11376
12773
11708
11400
11409
11368
11387
12143
11730
11405
11399
11771
11638
11494
11387
11683
11375
11714
11378
11910
11390
11388
11652
11477
11760
11732
11424
11668
11382
11525
11647
11465
11729
11416
11379
11481
11376
12498
11350
11447
11766
11413
12141
11452
11402
11495
11882
11732
11355
11460
11341
11417
11708
11475
11415
11844
11739
11713
11381
11460
11389
11488
11686
11551
11427
11792
11392
11730
11407
11465
11721
11717
12558
11835
11805
11759
11393
11650
12087
11623
11746
11718
12191
11795
11348
11979
11356
12308
11633
11325
11447
12567
11210
12186
11540
11420
11420
11445
11518
11482
11417
11464
11412
11499
11878
11433
11400
11378
11509
11785
11384
11375
11415
11830
11763
11770
11427
11409
11501
11493
11780
11392
11396
11523
11982
11492
11464
11838
11896
11460
11414
11370
11847
11457
11416
11386
11816
11789
11583
11806
11732
11377
11398
11552
11434
11824
11722
11407
11801
11748
11432
11386
12124
11436
11430
11691
11359
11781
11680
11361
11349
11356
11744
12393
11358
11416
11459
11401
12036
11706
11732
11399
11452
11625
11376
11436
11339
11336
11924
11826
11835
11786
11434
12062
11785
11414
11730
11763
11735
11397
11456
11386
11450
11727
11479
11404
11806
11397
11704
11709
11776
11382
12405
11663
11467
11418
11423
11724
11691
11744
11673
11321
11365
11704
11448
11351
12189
12168
11654
11460
11443
11459
11761
12098
11403
11703
11771
11823
11716
11397
11461
11728
11750
11774
11433
12205
11388
11386
11693
11339
11403
11867
11449
11708
11443
11384
11392
11434
12103
11423
11438
11784
11412
12023
11435
11415
11376
11736
11735
11444
11386
11409
11432
11667
11789
11418
11382
11438
11682
11410
11424
11739
11318
12104
11427
11379
11422
11844
12147
11603
12217
11365
11786
11675
11708
13028
12101
11551
11841
12285
11791
11389
11735
11388
11872
11350
11899
11468
11493
11504
11451
11736
11435
11897
11537
11497
11425
11884
11483
11450
11360
11522
11874
11636
11432
11726
11367
11450
11505
11863
11345
11671
11857
11496
11791
12228
11350
11440
11818
11666
11417
11740
11494
11785
11413
11389
11405
11454
11539
11357
11464
11723
11505
12356
11834
11752
11478
11854
11510
11739
11388
11375
11666
11515
11375
11814
11399
11845
11946
11359
11811
11745
11864
11817
11450
11380
11451
11502
11512
11432
11488
11365
11384
11418
11486
11489
12289
11734
11542
11844
11462
11343
11756
11474
11434
11741
11417
11371
11522
11532
11785
11394
11500
11612
11479
11396
12449
16556
11274
11657
11393
11357
11734
11465
11400
11397
11442
11383
11790
11428
11420
11703
11316
11779
11396
11737
11441
11406
11487
11474
11387
11699
11403
11538
12295
11343
11367
11388
11502
11426
11387
11302
11433
12219
11437
11341
11799
11320
11449
11462
11710
11327
11926
11320
12027
11393
11397
11356
11338
11561
11657
11741
11342
11709
11674
11349
11668
11347
11431
11573
11419
11696
11460
11378
11636
11666
11400
11342
11396
12054
11419
11394
11683
11705
11830
12420
11393
11649
11455
12098
11451
11693
11459
11489
11679
11412
11804
11721
12154
11653
11774
11446
11727
11390
11719
11403
11422
11691
20000
12196
11833
13981
11784
11518
11573
11775
11772
11380
11489
11462
11434
11406
11479
11832
12007
11440
11419
11394
11489
11847
11376
11344
11409
12399
11441
11420
11387
11346
11858
11805
11756
11372
11474
11517
11495
11385
11686
11354
11474
11434
11314
11788
11650
11598
11433
11402
11406
11772
11483
11464
11333
11344
11327
11479
11504
11288
11378
11641
11472
12237
11420
11435
11703
11383
11491
11410
11407
11461
11941
11806
11834
11415
11368
11588
11593
11401
11693
11838
11446
11843
11351
11569
12023
11544
11562
11431
11422
11747
11551
11472
11712
11407
11358
11494
11802
11792
11433
11342
11556
11382
11361
11413
11371
11906
11458
11451
11388
11487
11479
11555
11391
11345
11723
12837
11523
11413
11726
11460
11930
11438
11725
11687
11407
11408
11520
11397
11400
11855
11994
11481
11643
11802
11384
11642
11749
11361
11472
11389
11767
11759
11697
11342
11434
12098
11391
11398
11410
11343
12084
11893
11424
11348
11445
11721
11424
11414
11381
11764
11662
11814
11454
11672
11383
11711
11801
11376
12341
11764
12052
11435
20000
11256
11622
11603
11425
11801
11346
11378
11784
11406
11367
11707
11363
11604
11762
11746
11341
11357
11682
11386
11377
11345
11396
12087
11415
11676
11686
11719
11628
11344
11344
11611
11406
11963
11366
12239
11701
11393
11650
11388
11389
12489
11669
12452
11594
11743
11405
11412
11366
11654
11742
11735
11420
11758
11334
11388
11392
11722
11753
11471
11743
11693
11396
11348
11469
11461
11459
11423
11443
11809
11363
11348
11497
11516
11475
11781
11701
11526
11407
11342
11404
11673
11442
11745
11823
11469
11362
11820
11466
11370
11395
11843
11829
11520
11450
11295
11395
11482
11434
11527
11362
11369
11432
11473
11328
11784
11367
11508
11858
11472
11484
11830
11898
11527
11558
11986
11453
11519
11846
11758
11719
11407
11515
11835
11501
11801
11910
11853
11603
11896
11451
11865
11935
11894
11482
11445
11422
11873
11721
11407
11381
12297
11382
11775
11476
11408
11481
11547
12646
11523
11454
11784
11476
11879
11381
20000
11269
11779
11467
11894
11405
11349
11576
11490
11444
11382
11360
11928
11450
11381
11510
11389
11805
11480
11436
11367
11484
11854
11766
11399
11365
11510
11431
11587
11470
11360
11645
11467
11383
11330
11467
11719
11468
11479
11381
11739
11344
11478
11440
11734
11365
11346
11639
11422
11391
11679
11823
11863
11772
11681
11369
11445
11602
11710
11327
11385
11400
11692
11407
11383
11367
11297
11660
11671
11650
11423
11364
11625
11350
11720
11777
12257
11638
11390
11698
11464
11369
11679
11362
11774
11673
11754
11676
11455
11365
11888
11353
12072
11362
11738
11387
11338
11634
11361
11433
10901
20000
12487
11713
14049
12244
12117
11829
11454
11599
11424
11488
11531
11734
11476
11433
11768
11511
11406
11453
11459
11520
11443
11680
11413
11739
11685
11348
11426
11425
11451
11445
11729
11378
11362
11756
11454
11483
11408
11742
11439
11415
11405
11789
11512
11416
11762
11451
11785
11367
11395
11443
11406
11359
11341
11745
11392
11483
11397
11378
11713
11434
11432
11350
11702
11397
11444
11455
11379
11853
11462
11732
11355
11425
11875
11615
11394
11440
11359
11574
12097
11340
11418
11385
11835
11841
11344
11387
11718
11821
11423
11361
11381
11433
11542
11804
11854
11368
12212
11481
11423
11356
11462
11392
11578
11475
11796
12707
11737
11850
11434
11707
11774
11402
11590
11436
11744
11405
11678
11798
11489
11428
11769
11392
11793
11549
11398
11470
11734
11394
11452
11391
11366
11690
11750
12108
11372
11678
11464
11429
11494
11375
11475
11415
11847
11464
11874
11445
11415
11434
11643
11572
11751
11445
11449
11609
11762
11820
11411
11768
11964
11725
11798
11568
11811
11395
11884
11408
11438
11927
11851
11854
11560
11432
11367
11539
11770
11407
11529
11479
11517
11722
11349
11533
11414
11846
11364
11423
12221
11857
11339
11769
12262
11856
11461
11517
11412
11437
11497
11854
11417
11735
11342
11788
11385
11355
11705
11408
12044
11447
11399
12299
11677
11576
11473
11459
11775
11557
11434
11754
11386
11351
11401
11392
11685
11365
11484
11371
11783
11427
11769
11496
11523
11453
11529
11453
11497
12440
11625
11116
20000
12059
10958
18003
12434
12471
11543
11725
11879
12646
11914
20000
12235
11773
12396
12469
11341
11425
12549
12165
11967
11497
11771
11960
11725
11883
11508
11983
11489
11634
11835
11618
11537
11574
11513
11631
11478
11862
12108
11405
11406
11598
11537
11435
11426
11467
11640
11583
11560
11517
11426
11594
11427
11518
11458
12436
11424
11532
11399
11426
11536
11442
11351
11453
11829
11412
11379
11487
11454
11388
11479
11771
11519
11895
11446
11636
11407
11871
11464
11691
11375
11555
11435
11514
11419
11523
11431
11508
11445
11765
11464
11723
11354
11523
11356
11749
11499
11445
11564
11406
11459
11720
11492
11559
11388
11486
11421
11812
11530
12099
12106
12692
12045
12722
12724
11465
12364
11618
11469
11750
11401
11355
11468
11531
11553
11540
11546
12084
11481
11445
11490
11437
11555
11476
11488
11458
11498
11529
11500
11412
11470
11587
11446
12209
11431
11820
11418
11808
11434
11538
11352
11503
11443
11708
11432
12014
11503
11536
11387
12205
11702
11574
11550
11759
11354
11370
11816
11450
11399
11651
11486
11762
11473
11408
11383
11765
11491
11387
11387
11402
11486
12368
11489
11573
11538
11542
12258
11410
10673
12088
11658
11597
11422
11390
11557
11796
11468
11768
11371
12000
11510
11549
11500
11402
11427
11785
11719
11452
11356
11486
11454
11858
11423
11529
11498
11504
11486
11971
11456
12870
11751
12129
11821
11416
11349
11423
11400
11445
11517
11457
11693
11430
11431
11396
11407
12208
11482
11420
11938
11698
11379
11430
11467
11710
11428
12226
11431
11696
11397
11571
11912
11969
11525
12777
11874
11772
11342
11483
11441
11684
11442
11419
11401
11360
11541
11471
11445
11446
11470
11409
15980
15608
11574
11408
11401
11545
11652
11448
11382
11500
11472
11568
11454
11397
11434
11716
11480
14999
11357
11753
11407
11472
11474
11481
11399
11759
11450
11544
11413
11794
11801
11415
11473
11491
11499
11776
11406
12332
11453
11471
11398
11450
11532
11551
11464
11482
11425
11583
11487
11452
11794
11409
11742
11739
11437
11794
11402
11734
11483
11481
11517
11484
11478
11437
11468
11993
11971
11434
11498
11789
11426
11497
11400
11878
11447
11500
11427
11415
11447
11563
11533
11480
11494
11420
11431
11457
11484
11410
11798
11484
11969
12383
11533
11427
11462
11491
11299
11435
11813
11456
11540
11450
11776
11472
11444
11962
11476
11476
12524
11870
11489
11568
11425
11366
12027
11680
11462
11884
11649
11750
13371
12010
12159
11986
12062
11890
12073
12312
11937
11473
11938
11513
11401
11388
11408
11384
11433
11507
11598
11841
11383
11475
11399
11486
11499
11788
11452
11385
11375
11595
11401
11388
11823
11859
11936
11526
11357
11418
11491
11557
11532
11381
11922
11800
11377
11377
11378
11371
11362
11395
11688
11475
11368
11363
11581
11343
11708
11381
11416
11713
11367
11732
11344
11769
11475
11487
11464
11473
11449
11495
11495
11486
11470
11494
11401
11394
11424
11790
11482
11747
11447
11552
11451
11440
11425
11721
11387
11503
11538
11453
12062
11731
11345
11379
11443
11463
11530
12270
11447
11411
11808
11438
11912
11385
11395
11507
11731
11469
11685
11871
11479
11415
11808
11390
11385
12295
11735
11796
11415
11499
11427
11417
11536
11436
11438
11467
11493
11462
11758
11418
11399
11478
11556
11773
11395
11466
11399
11401
11406
11487
11510
11513
11447
11770
11678
11483
11491
11687
12095
12226
11733
12298
11508
11695
11414
11866
11490
11490
11408
11866
11414
11742
11864
11638
11352
11397
11437
11441
11606
12102
11378
11424
11457
11557
11433
11466
11549
11469
11467
11438
11425
11417
11793
11591
11450
11393
11480
11841
11455
11437
11436
11782
11398
11439
11517
11408
11432
11433
11935
11472
11566
11441
11472
11727
11439
11840
11392
11427
11415
11326
11854
11456
11383
11391
11657
11520
11286
11829
11548
11621
11570
11566
11864
11247
11688
11405
11407
11371
11383
11498
11467
11374
11568
11517
11442
11363
11392
11525
11390
11458
11733
11477
11424
11494
11499
11841
11461
11472
11801
11840
11563
11819
11401
11452
11829
11408
11511
11456
11830
11753
11464
11557
11506
11757
11411
11798
11501
11475
11358
11509
11779
11838
11505
11438
11667
11447
11436
11527
11848
11493
11421
11475
11478
11424
11474
11423
11756
11390
11376
11690
11853
11366
11494
11460
11764
11930
11363
11422
11498
11375
11388
11457
11486
11387
11417
11406
11448
11438
11381
11331
11343
11678
11382
11702
11365
11365
11430
11473
11452
11430
11754
11518
11799
11468
11665
11340
11329
11365
11424
11441
11488
11791
11701
11422
11886
11328
11366
11442
11437
11385
11397
11373
11464
11486
11377
11307
11419
11407
11936
11424
11372
11416
11807
11839
11411
11715
11465
11396
11406
11503
11370
11384
11338
11435
11475
11321
11655
11380
11556
11468
11374
11431
11501
11869
11395
11391
11482
11468
11349
11497
11439
11478
11389
11771
11478
11892
11449
11796
11375
11695
11369
11415
11379
11450
11697
11423
11412
11724
11767
11435
11397
11444
11411
11360
11473
11782
11518
11401
11393
11399
11474
11414
11849
11736
11396
11475
11462
11495
11671
11738
11588
11361
11345
11378
11706
11771
11358
11352
11672
11347
12049
12254
11757
11444
11462
11656
11637
11402
11885
11786
11477
11437
11701
11328
11362
11364
11409
11767
11501
11856
11332
11484
11398
11378
11374
11881
11383
11394
11904
11774
11417
11742
11367
11849
11880
11560
11449
11502
11859
11870
11541
11772
11852
11390
11412
11552
11378
11740
11880
11452
11480
11494
11595
11401
11450
11331
11447
11390
11427
11499
11394
11364
11415
11494
11509
11874
11453
11636
11866
11521
11506
11472
11556
11528
11475
11372
11569
11437
11428
11714
11434
11430
11397
11401
11828
11398
11483
11734
11869
11406
11457
11412
11990
11475
11451
11464
11488
11535
11466
11473
11532
11447
11611
11718
11434
11412
11385
11792
11879
11546
11590
11559
11783
11537
11417
11834
11478
11471
11508
11510
11464
11884
11814
11505
11425
11461
11877
11518
11431
11504
11526
12379
11743
11343
11568
11730
11489
12247
11467
11820
11427
11430
11427
11364
11408
11400
11462
11396
11479
11397
11349
11390
11851
12197
11463
11735
11818
11355
11383
11378
11488
11415
11404
11473
11424
11334
11513
11403
11486
12218
11967
11456
11464
11787
11400
11643
12144
11466
12124
11444
11563
11854
11493
11422
11546
12366
11453
11435
11482
11478
11624
11476
11376
11455
11445
11469
11484
11495
11393
11402
11425
11745
11393
11412
11515
11478
11467
11796
11786
12183
11402
11989
11317
12026
11368
11363
11346
11654
11439
11324
11371
11703
11436
11730
11553
11428
11456
11547
11377
11492
11747
11481
11499
11447
11474
11550
11688
11419
11524
11474
11472
11514
11876
11766
11381
11837
11426
11390
11535
11458
11434
11497
11827
11500
11453
11472
11511
11434
11510
11423
11455
11440
11416
11443
11494
11475
11406
11773
11431
11532
11789
11777
11352
11292
11378
11468
11761
11400
11434
11495
11522
11878
11691
11426
11488
11800
11499
11850
11461
11427
11421
11414
11820
11846
11753
11444
11415
11750
11421
11456
11340
11409
11407
11447
11491
11750
11409
11500
11462
11402
11381
11789
11721
11467
11776
11702
11412
13711
11416
11421
11431
11426
11421
11883
11468
11498
11490
11388
11434
11409
11368
11765
11355
11769
11534
11467
11817
11476
11398
11422
11450
11361
11511
11407
11779
11772
11443
11487
11436
11711
11766
11416
11408
11396
11415
11358
11477
11556
11496
11291
11421
11402
11757
11434
11384
11479
11339
11369
11338
11739
11405
11717
11432
11408
11450
11412
11437
11383
11431
11444
11810
11706
11381
11693
11467
11338
11396
11420
11479
11433
11402
11437
11412
11447
11526
11452
11438
11514
11379
11458
11442
11536
11481
11546
11441
11459
11918
11435
11469
11386
11487
11448
11586
11704
12063
11714
11393
11401
11364
11594
11367
11450
11807
11804
11955
11635
11428
11398
11266
11831
11808
11779
11525
11421
11398
11392
11433
11541
11458
11707
11418
11395
11365
11406
11411
11477
11889
11517
11840
11699
11401
11727
11407
11436
11529
11402
11380
11421
11495
11827
11441
11429
11554
11402
11452
11443
11468
11862
11524
11386
11363
11358
11386
11351
11539
11318
11733
11414
11334
11770
11565
11537
11442
11412
11755
11521
11785
11782
11362
11431
11350
11315
11747
11352
11349
11359
11734
11458
11452
11408
11419
11389
11344
11724
11388
11458
11367
11449
11451
11829
11721
11424
11431
11456
11479
11460
11394
11829
11406
11890
11372
11738
11412
11383
11431
11398
11832
11409
11358
11456
11367
11385
11377
11427
11410
11738
11392
11369
11527
11595
11467
11458
11814
11489
11486
11343
11454
11435
11793
11411
11384
11832
11614
11542
11414
11418
11864
11775
11446
11446
11516
11716
11414
11472
11761
11474
11442
11820
11479
11804
11354
11356
11358
11369
11368
11694
11354
11422
11494
11771
11413
11385
11416
11710
11757
11451
11702
12323
11650
11343
11363
11775
11449
11449
11436
11384
11451
12057
11892
11448
11660
11442
11435
11366
11700
11353
11392
11751
11358
11445
11377
11468
11384
11432
11458
11762
11564
11375
11395
11840
11700
11401
11363
11447
11383
11379
11853
11372
11355
11388
11437
12114
20000
11908
11552
13714
11892
14084
11022
11645
11314
11750
11335
11486
11378
11458
11526
11525
11380
11402
11446
11431
11680
11410
11336
11814
11522
11422
11428
11428
11819
11427
11398
11454
11369
11458
11454
11416
11372
11409
11370
11338
11445
11493
11389
11428
11485
11498
11470
11385
11423
11566
11318
11326
11795
11450
11715
11426
11729
11451
11333
11299
11404
11284
11441
11492
11424
11460
11364
11348
11729
11339
11358
11366
11405
11344
11644
12304
11414
11429
11492
11464
11463
11437
11867
11840
11417
11452
11440
11511
11487
11750
11376
11377
11385
11544
11660
11474
11579
11426
11331
11399
11371
11360
11464
11301
11327
11382
11326
11765
11468
11349
11392
11720
11425
11425
11897
11378
11363
11317
11442
11414
11732
11701
11382
11334
11713
11342
11930
12083
11429
12690
11656
11452
11472
11646
11468
11360
11471
11418
11435
11737
11871
11393
11424
11934
11446
11454
11380
11493
11416
11468
11421
11456
11796
12381
11418
11438
11378
11364
11726
11331
11670
11478
11308
11378
11528
11430
11381
11439
11421
11469
11423
11790
11436
11742
11574
11400
11343
11376
11812
11447
11433
11426
11693
11368
11445
11386
11447
11458
11352
11331
11353
11464
11840
11429
11360
11675
11419
11748
11385
11386
11378
11375
11372
11391
11956
11370
11362
11352
12702
11440
11697
11306
11406
11489
11309
11744
11426
11416
11392
11383
11365
11445
11427
11403
11347
11482
11446
11437
11443
12307
12441
11903
11410
11364
11370
11456
11769
11492
11357
11309
11453
11786
11583
11806
11420
11862
11891
11798
11733
11434
11442
11369
11834
11452
11337
11439
11414
11420
11709
11803
11397
11443
11734
11718
11464
11828
11792
11366
11404
11346
11387
11853
11479
11388
11361
11446
11414
11431
11471
11722
11418
11554
11435
11459
11494
11405
11483
11415
11832
11469
11493
11414
11417
11520
11399
11419
11824
11415
11778
11536
11763
11598
11401
11449
11837
11412
11413
11438
11712
11465
11392
11452
11270
11481
11441
11540
11473
11899
11458
11453
11367
11708
11314
11891
11368
11800
11423
11534
11489
11776
11524
11347
11368
11427
11399
11420
11346
11879
11354
11490
11464
11499
11446
11487
11486
11492
11424
11506
11476
11524
11462
11437
11454
11425
11710
11404
11530
11492
11799
11467
11754
11791
11367
11529
11352
11553
11487
11396
11342
11351
11423
11479
11349
11487
11842
11800
11341
11415
11397
11390
11471
11528
11450
11605
11434
11599
11403
11507
11425
11488
11523
11510
11456
11514
11421
11512
11452
11442
11448
11402
11411
11408
11747
11416
11787
11383
11530
11438
11423
11498
11458
11505
12076
11474
11149
11654
11401
12804
20000
11799
12125
13682
12234
11911
11218
11736
11352
11541
11793
11448
11384
11572
11846
11473
11392
11823
11359
11866
11833
12004
11461
11396
11743
11817
11410
11454
11383
11770
11497
11555
11409
11498
11444
11881
11712
11459
11473
11518
11503
11506
11780
11426
11456
11518
11508
11515
11420
11774
11401
11437
11492
11516
11566
11813
11385
11517
11393
11491
11429
11969
11866
11603
11747
11946
11820
11844
11480
11515
11839
11396
11762
11407
11361
11401
11372
11823
11397
11737
11457
11478
11534
11593
11500
11487
11405
11450
11368
11505
11702
11797
11447
11438
11463
11548
11500
11470
11389
11343
11367
11423
11553
11472
11461
11633
11441
11482
11805
11530
11422
11719
11799
11611
11744
11470
11416
11477
11470
11408
11780
11489
11370
11441
11504
11608
11786
11411
11817
11435
11396
11376
11372
11458
11440
11888
11471
11555
11470
11598
11790
11423
11879
11446
11716
11797
11709
11723
11780
11356
11409
11509
11802
11370
11360
11416
11464
11482
11463
11436
11374
11475
11417
11371
11723
11479
11396
11501
11777
11399
11480
11464
11433
11404
11788
11433
11450
11461
11433
11511
11432
11384
11720
11468
11421
11418
11812
11448
11413
11425
11757
11437
11472
11422
11440
11420
11689
11744
11410
11481
11690
11406
11823
11385
11606
11710
11451
11765
11423
11674
11344
11425
11370
11772
20000
11752
11408
11363
11388
11531
11311
11769
11392
11388
11579
11917
11541
11496
11526
11421
11333
11399
11333
11434
11360
11388
11437
11331
11436
11411
11714
11893
11391
11493
11328
11364
11683
11391
11395
11440
11541
11448
11366
11364
11481
11480
11477
11401
11683
11455
11525
11843
11862
11510
11811
11454
11382
11433
11482
11475
11450
11390
11499
11453
11501
11425
11441
11435
11861
11410
11369
11403
11429
11468
11477
11369
11405
11389
11875
11407
11840
11416
11376
11688
11376
11406
11482
11478
11500
11853
11364
11383
11403
11410
11501
11655
11364
11467
11501
11398
11434
11485
11730
11348
11467
11352
11772
11741
11766
11803
11477
11531
11315
11500
11514
11477
11477
11920
11755
11414
11509
11978
11421
11455
11497
11779
11432
11451
11797
11432
11518
11417
11401
11327
11360
11386
11673
11394
11408
11334
11825
11520
11487
11414
11791
11418
11412
11480
11799
11454
11484
11389
11451
11421
11349
11371
12306
11755
11413
11345
11397
11379
11659
11364
12167
11407
11723
11407
11458
11706
11780
11357
11830
11456
11423
11331
11339
11433
11408
11465
11818
11832
11450
11720
11815
11396
11813
11499
11496
11421
11441
11384
11439
11468
11384
11877
11806
11918
11424
11492
11433
11480
11778
11451
11449
11762
11738
11415
11406
11468
11394
11771
11838
11419
11496
11448
11374
12441
11511
11400
11958
11412
11357
11365
11308
11383
11408
11014
11747
11379
11446
11455
11805
11766
11813
11486
11494
11362
11801
11391
11463
11700
11454
11498
11482
11746
11777
11862
11393
11475
11502
11449
11425
11355
11821
11822
11441
11748
11430
11711
11848
11468
11469
11485
11439
11365
11484
11380
11411
11416
11437
11441
11358
11409
11335
11365
11766
11388
11401
11350
11772
11435
11760
11388
11496
11716
11344
11669
11404
11396
11482
11466
11497
11393
11706
11424
11376
11430
11627
11468
11495
11723
11328
11453
11851
11400
11397
11776
11495
11411
11752
11436
11409
11399
11552
11394
11366
11400
11370
11524
11822
11826
11807
11476
11479
11512
11774
11478
11452
11421
11907
11492
11761
11426
11382
11493
11395
11457
11476
11443
11862
11429
11425
11524
11501
11448
11457
11951
11493
11913
11472
11449
11417
11473
11479
11489
11534
11516
11484
11499
11436
11852
11402
11456
11407
11449
11481
11530
11495
11510
11441
11873
11441
11548
11433
11759
11810
11589
11412
11863
11478
11463
11521
11487
11416
11545
11468
11472
11409
11496
11443
11491
11438
11491
11428
11822
11450
11850
11438
11523
11472
11464
11526
11570
11509
11500
11473
11878
11498
11962
11539
11586
11529
11510
11442
11438
11751
11368
11887
11490
11431
11503
11761
11442
11507
11885
11450
11485
11455
11480
11706
11410
11439
11814
11481
11655
12073
11852
11724
11730
11371
11612
11440
11999
11501
11426
11428
11817
11780
11434
11378
11389
11416
11391
11537
11520
11425
11970
11493
11883
11398
11476
11784
11425
11424
11379
11403
11344
11409
11445
11442
11498
11359
11417
11378
11399
11392
11404
11518
11457
11504
11424
11472
11392
11464
11427
11770
11432
11455
11482
11382
11437
11365
11451
11365
11812
11377
11344
11865
11395
11519
11415
11408
11876
11726
11490
11464
11472
11412
11426
11759
11844
11445
11538
11542
11404
11451
11382
11369
11491
11361
11441
11452
11420
11432
11455
11416
11364
11432
11391
11469
11474
11497
11965
11511
11361
11707
11438
11725
11364
11762
11351
11494
11804
11746
11662
11405
11406
11377
11537
11682
11454
11746
11361
11417
11387
11460
11439
11361
11631
11345
11362
11645
11668
11426
11407
11714
11383
11401
11426
11536
11523
11492
11541
11365
11355
11390
11414
11415
11542
11484
11478
11499
11453
11473
11458
11345
11398
11550
11820
11444
11905
11488
11461
11418
11468
11436
11358
11419
11380
11405
11480
11473
11385
11939
11415
11550
11421
11415
11426
11499
11420
11892
11481
11477
11472
11807
11453
11431
11483
11444
11590
11429
11420
11471
11451
11467
11431
11470
11523
11431
11471
11351
11390
11392
11754
11785
11749
11404
11474
11458
11448
11458
11962
11490
11499
11457
11470
11422
11364
11458
11758
11424
11916
11411
11344
11484
11820
11437
11716
11112
11421
11398
11377
11761
11331
11411
11421
11422
11480
11399
11311
11385
11428
11469
11703
11313
11476
11703
12071
12006
12442
11989
11368
11556
11457
11467
11910
11769
11455
11420
11483
11411
11367
11533
11678
11495
11420
11454
11749
11384
11411
11427
11490
11724
11863
11506
11420
11913
11401
11817
11326
11794
11498
11778
11551
11470
11406
11349
11586
11376
11468
11270
11377
11769
11403
11400
11404
11762
11561
11471
11380
11792
11687
11464
11907
11467
11501
11517
11875
11375
11499
11802
11473
11734
11368
11369
11542
11404
11361
11445
11495
11398
11423
11412
11706
11809
11473
11379
11433
11372
11384
11505
11577
11414
11462
11481
11704
11421
11382
11425
11460
11414
11401
11780
11458
11424
11527
11509
11358
11744
11393
11405
11411
11331
11466
11370
11523
11453
11338
11344
11744
11687
11399
11337
11810
11846
11521
11344
11382
11482
11309
11699
11329
11849
11367
11694
11726
11654
11393
11737
11432
11798
11378
11395
11385
11357
11364
11390
11500
11358
11432
11396
11359
11355
11729
11523
11726
11414
11361
11447
11409
11362
11645
11344
11401
11409
11366
11390
11692
11429
11889
12002
12175
11956
11982
11399
11759
11451
11839
11450
11410
11455
11439
11720
11409
11394
11716
11419
11422
11410
11751
11745
11719
11641
12565
13557
11820
14989
11791
13969
11751
11824
11548
11772
11426
11738
11377
11536
11520
11355
11410
11498
11406
11456
11920
11394
11562
11895
11576
11433
11711
11484
11769
11815
11500
11379
11515
11417
11454
11849
11553
11361
11474
11731
11447
11481
11421
11377
11440
11948
11419
11380
11408
11539
11847
12667
11533
11498
11594
11312
11475
11385
11405
11431
11395
11494
11426
11451
11356
11391
11430
11708
11485
11387
11686
11722
11829
12033
11487
11425
11434
11562
11409
11440
11416
11789
11475
11797
11428
11424
11413
11498
11472
11588
11448
11718
11761
11523
11363
11455
11367
11384
11357
11334
11816
11421
11549
11534
11451
11400
11423
11754
11734
11460
11344
11828
11431
11526
11449
11523
11458
11556
11365
11779
11862
11541
11436
11379
11476
11420
11486
11447
11447
11798
11387
11450
11389
11466
11476
11766
11430
11478
11428
11545
11531
11783
11404
11439
11429
11524
11437
11518
11440
11864
11540
11462
11450
11368
11883
11326
11445
11475
11862
11470
11485
11521
11532
11532
11426
11697
11454
11464
11451
11734
11482
11514
11393
11455
11421
11511
11394
11445
11417
11533
11995
11471
11833
11539
11496
11529
11796
11470
11456
11423
11814
11600
11594
11456
11769
11809
11466
11442
11469
11596
11480
11834
11426
11402
11737
11375
11688
11460
11637
11387
11442
11544
11835
11421
11652
11087
11713
11434
11410
11428
11416
11741
11700
11434
11477
11472
11416
11480
11424
11796
11349
11425
11411
11751
11475
11401
11413
11548
11431
11435
11538
11514
11482
11484
11505
11416
11430
11422
11727
11388
11427
11442
11326
11374
11722
11746
11463
11415
11724
11682
11668
11468
11453
12581
11279
11829
11293
11700
11471
11446
11690
11395
11745
11411
11808
11367
11701
11840
11462
11429
11465
11423
11429
11887
11340
11827
11408
11377
11348
11372
11638
11791
11460
11457
11402
11448
11355
11465
11433
11459
11439
11515
11454
11427
11478
11448
11433
11416
11401
11710
11377
11434
11344
11417
11939
11412
11432
11840
11404
11448
11316
11791
11647
11407
11371
11362
11731
11719
11348
11332
11402
11858
11470
11511
11317
11391
11327
11564
11396
11379
11410
11773
11438
11377
11834
11431
11372
11349
11743
11401
11455
11573
11493
11489
11671
11390
11398
11363
11837
11408
11385
11464
11475
11441
11404
11363
11692
11369
11369
11727
11753
11477
11556
11426
11922
11403
11523
11444
11836
11423
11359
11339
11834
11835
11422
11684
11407
11443
11484
11720
11386
11395
11354
11438
11460
11524
11500
11847
11830
11370
11459
11453
11477
11402
11412
11473
11423
11432
11369
11421
11844
11698
11368
11769
11744
11573
11418
11334
11401
11427
11399
11448
12268
11412
20000
11282
11363
11354
11392
11407
10751
11800
11486
11383
11505
11390
11402
11412
11399
11465
11404
11473
11430
11449
11465
11768
11406
11797
11385
11420
11414
11469
11580
11853
11513
11733
11512
11535
11665
11610
11448
11819
11507
11433
11445
11515
11484
11459
11482
12008
11541
11489
11455
11427
11430
11414
11364
11679
11392
11399
11383
11426
11555
11751
11585
11523
11438
11527
11494
11436
11403
11845
11796
11508
11414
11385
11584
11483
11381
11719
11385
11435
11345
11426
11484
11415
11519
11423
11500
11741
11761
11734
11453
11421
11489
11553
11443
11750
11736
11768
11390
11477
11495
11458
11405
11486
11850
11489
11433
11400
11460
11408
11694
11407
11535
11436
11392
11366
11459
11367
11727
11444
11752
11407
11356
11664
11660
11410
11389
11391
11382
11741
11353
11387
11479
11433
11382
11399
11455
11368
11519
11414
11571
11810
11466
11887
11386
11711
11399
11450
11705
11491
11474
11407
11460
11880
11517
11411
11743
11726
11593
11439
11438
11851
11426
11434
11520
11397
11462
11435
11425
11774
11406
11380
11861
11734
11470
11462
11465
11427
11766
11431
11531
11428
11917
11443
11485
11419
11495
11427
11897
11473
11557
11493
11886
11406
11519
11783
11509
11494
11477
11449
11868
11807
11774
11462
11490
11405
11508
11477
11902
11499
11873
11432
11512
11849
11547
11420
11487
11506
11844
11600
11388
11410
11685
11458
11448
11401
11377
11435
11404
11389
11481
11366
11412
11460
11778
11339
11405
11417
11816
11756
11730
11386
11461
11448
11404
11381
11415
11443
11422
11431
11456
11414
11401
11452
11471
11720
11404
11530
11552
11413
11722
11458
11785
11455
11476
11525
11652
11435
11367
11434
11383
12025
11651
12275
11432
11423
11460
11391
11450
11362
11772
11429
11413
11460
11694
11562
11482
11486
11542
11864
11751
11731
11762
11639
11400
11428
11732
11499
11425
12012
11455
11767
11494
11413
11924
11475
11853
11515
11411
11459
11731
11486
11465
11455
11453
11416
11523
11332
11501
11463
11469
11430
11345
11410
11428
11456
11444
11394
11444
11532
11359
11374
11761
11489
11391
11459
11475
11516
11769
11454
11390
11483
11429
11484
11449
11458
11360
11385
11765
11381
11397
11423
11448
11414
11397
11530
11376
11381
11419
11804
11461
11461
11395
11506
11834
11781
11464
11859
11441
11831
11667
11408
11410
11488
11348
11391
11372
11381
11420
11812
11785
11441
11467
11809
11432
11673
11792
11410
11449
11738
11387
11480
11826
11469
11438
11428
11769
11406
11706
11732
11397
11433
11381
11393
11757
11429
11364
11429
11415
11446
11424
11387
12219
11440
11471
11380
11377
11767
11424
11737
11748
11397
11448
12783
20000
11983
12299
13383
12592
11840
11675
11485
11698
11448
11396
11366
11448
11883
11385
11497
11395
11761
11487
11767
11414
11413
11385
11355
11417
11448
11855
11468
11502
11785
11364
11421
11385
11409
11402
11413
11541
11457
11385
11597
11389
11410
11432
11448
11771
11687
11459
11405
11493
11518
11434
11717
11881
11425
11455
11462
11378
11454
11793
11795
11694
11541
11398
11396
11540
11339
11731
11498
11703
11440
11371
11372
11392
11401
11491
11515
11450
11793
11388
11881
11796
11458
11473
11476
11449
11592
11861
11525
11445
11424
11980
11502
11464
11481
11323
11481
11471
11766
11385
11802
11385
11375
11568
11771
11489
11461
11446
11463
11340
11399
11376
11434
11336
11455
11701
11482
11439
11389
11540
11517
11444
11790
11554
11664
11372
11439
11765
11460
11728
11358
11422
11383
11746
11715
11416
11773
11441
11349
11382
11489
11440
11838
11424
11511
11452
11565
11476
11526
11456
11446
11324
11483
11445
11778
11448
11438
11535
11466
11461
11433
11436
11481
11368
11777
11351
11476
11760
11715
11409
11347
11415
11487
11437
11472
11369
11519
11401
11426
11439
11497
11507
11370
11487
11436
11442
11425
11759
11467
11384
11415
11494
11469
11515
11462
11403
11908
11493
11409
11458
11819
11805
11443
11494
11897
11701
11507
11531
11469
11826
11518
11477
11503
11545
11562
11884
20000
11960
12167
11757
11413
11445
10693
11669
11398
11505
11419
12118
11484
11720
11402
11509
11501
11431
11460
11414
11449
11375
11371
11397
11763
11455
11470
11549
11385
11404
11527
11369
11383
11377
11680
11836
11394
11390
11352
11486
11576
11508
11406
11338
11732
11399
11689
11332
11509
11799
11427
11454
11493
11384
11433
11428
11384
11420
11346
11357
11399
11426
12106
11646
11366
11356
11465
11518
11808
11851
11778
11467
11443
11473
11360
11391
11405
11438
11427
11373
11947
11598
11447
11483
11391
11444
11791
12139
12545
11112
11622
11393
11440
11344
11350
11477
11628
11474
11869
11436
11842
11371
11913
11424
11453
11373
12117
11774
11449
11428
11428
11351
11335
11385
11376
11453
11656
11795
11584
11451
11426
11437
11414
11424
11468
11522
11454
11474
11727
11431
11830
11306
11808
11401
11780
11691
11446
11856
11786
11382
11383
11810
11378
11482
11808
11504
11482
11753
11785
11518
11481
11442
11763
11486
11422
11367
11378
11454
11425
11429
11460
11416
11432
11463
11782
11434
11410
11471
11517
11428
11828
11786
11454
11776
11824
11419
11443
11371
11863
11470
11890
11392
11411
11821
11463
11711
11471
11464
11918
11437
11484
11538
11502
11480
11499
11457
11476
11459
11479
11481
11448
11452
11505
11443
11425
11836
11826
11480
11723
11428
11551
20000
12147
13666
11855
14936
11692
11450
11711
11541
11387
11425
11338
11509
12124
11366
11775
11382
11400
11442
11447
11377
11726
11476
11425
11794
11477
11420
11518
11796
11368
11344
12419
11932
11496
12316
12677
11860
11442
11472
11398
11708
11472
11457
11717
11477
11460
11860
11782
11435
11757
11383
11349
11454
11369
11496
11757
11505
11448
11452
11657
11738
11384
11749
11392
11930
11449
11394
12167
11473
11452
11849
11391
11782
11402
11957
11367
11380
12354
12246
12199
11743
11365
11788
11476
11490
12038
11395
11483
11418
11715
11379
11440
11449
11390
11691
11743
11459
11438
11338
11747
11415
11458
11844
11783
11448
11423
11360
11499
11397
11812
11449
11835
11418
11809
11431
11486
11455
11460
11408
11813
11496
11884
11357
11423
11384
11509
11500
11441
11428
11396
11463
11389
11377
11667
11380
11337
11444
11776
11679
12174
11436
11368
11423
11354
11829
11428
11810
11837
11443
11494
11457
11404
11852
11457
11495
11418
11855
11793
11425
11444
11491
12353
11794
11654
11417
11358
11710
11648
11358
11353
11453
11377
11433
11403
11461
12119
11424
11398
11706
11709
11390
11320
11673
11360
11761
11418
11454
11763
11478
11821
11526
11744
11478
11740
11502
11443
11439
11476
11488
11440
12466
11429
11763
11439
11891
11368
14319
20000
11904
11862
11685
12152
11716
11170
11621
11309
11753
11420
11786
11408
11425
11453
11349
11443
11692
11406
11299
11442
11357
11813
11468
11458
11447
11444
11455
11400
11378
11459
11412
11559
11553
11808
11429
11543
11802
11774
11722
11773
11530
11505
11399
11593
11856
11423
11366
11755
11376
11497
11404
11725
11440
11495
11479
11497
11448
12206
11397
11383
11420
11808
11517
11476
11455
11401
11715
11398
11457
11447
11377
11431
11360
11433
11494
11797
11445
11520
11412
11434
11411
11509
11369
11522
11402
11920
12695
11198
11524
11867
11448
11411
11417
11805
11456
11491
11423
11480
11356
11422
11372
11433
11793
11843
11390
11345
11479
11351
11682
11407
11449
11810
11416
11442
11467
11783
11795
11521
11817
11479
11378
11429
11406
11468
11366
11437
11366
11486
11431
11915
11443
11441
11340
11401
11432
11406
11407
11507
11451
11829
11401
11764
11411
11478
11498
11439
11402
11832
11528
11425
11546
11584
11494
11469
11821
11512
11389
11561
11758
11388
11386
11409
11769
11410
11454
11912
11495
11522
11464
11499
11422
11874
11772
11827
11453
11535
11405
11517
11461
11489
11345
11739
11350
11773
11400
11473
11720
11848
11353
11814
11730
11831
11463
11520
11817
11474
11807
11482
11793
11395
11506
12284
11448
11415
11779
11737
11247
10560
11830
11557
11482
11749
11355
11345
11816
11462
11352
11716
12472
11503
11408
11745
11768
11446
11690
11395
11776
11378
11414
11426
11340
11788
11735
11400
11506
11535
11466
11817
11418
11442
11413
11702
11488
11788
11379
11461
11380
11400
11692
11721
11464
11444
11442
11377
11386
11429
11407
11419
11488
11359
11358
11390
11432
11414
11437
11479
11397
11401
11482
11416
11496
11402
11387
11484
11709
11321
11658
11732
11356
11445
11514
11702
11424
11332
11396
11451
11632
11688
11711
11410
11424
11453
11688
11680
11712
11341
11399
11674
11393
11432
11758
11537
11431
11858
11376
11481
11366
11341
11317
11694
11369
11419
11897
11292
11361
11388
11667
11752
11711
11414
11824
11458
11436
11707
11468
11664
11336
11406
11344
11383
11401
11349
11421
11462
11447
11391
11390
11501
11368
11471
11349
11442
11392
11372
11413
11720
11780
11339
11458
11713
11331
11380
11369
11419
11373
11834
11320
11318
11412
11286
11428
11401
11701
11710
11384
11787
11480
11465
11413
11422
11446
11416
11375
11856
11477
11520
11609
11542
11440
11728
11428
11380
11377
11466
11713
11733
11727
11386
11297
11451
11404
11508
11413
11366
11340
11362
11411
11377
11523
11806
11471
11621
11469
11804
11410
11479
11481
11479
11447
11518
11837
11772
11764
11798
11805
11751
11795
11438
11823
11483
11707
11407
11774
11393
11486
11320
11510
11083
11593
11663
11434
11746
11364
11434
11490
11398
11847
11479
11485
11449
11688
11371
11861
11444
11379
11619
11371
11472
11750
11495
11470
11796
11408
11383
11416
11493
11450
11471
11442
11434
11485
11490
11407
11900
11365
11360
11694
11400
11343
11728
11414
11803
11402
11703
11375
11414
11845
11344
11725
11710
11478
11379
11322
11405
11809
11815
11454
11325
11444
11384
11454
11334
11345
11337
11429
11377
11411
11484
11759
11440
11418
11502
11447
11487
11862
11390
11365
11484
11453
11383
11410
11441
11486
11477
11504
11732
11454
11782
11424
11377
11399
11473
11440
11600
11468
11800
11458
11476
11495
11439
11434
11744
11351
11399
11360
11351
11416
11883
11445
11350
12610
11852
12379
11400
11439
11427
11284
11418
11531
11447
11382
11448
11360
11407
11356
11290
11381
11396
11400
11396
11413
11354
11410
11366
11424
11667
11725
11362
11792
11374
11733
11460
11785
11371
11402
11454
11791
11456
11885
11894
11493
11484
11474
11508
11397
11475
11762
11428
11658
11561
11465
11339
11783
11369
11424
11393
11397
11411
11393
11508
11463
11492
11483
11495
11799
11440
11353
11434
11774
11419
11872
11506
11436
11423
11459
11433
11416
11443
11789
11823
11513
11819
11606
11429
11470
12272
11382
11747
11387
11792
11376
11698
11367
11424
11462
11810
11555
20000
11943
12111
13715
11889
14054
12097
11450
11443
11353
11420
11470
11573
11384
11443
11845
11534
11476
11725
11422
11475
11817
11381
11523
11443
11471
11479
11413
11373
11358
11732
11821
11414
11741
11412
11503
11429
11424
11462
11395
11513
11476
11519
11441
11350
11775
11388
11431
11381
11365
11777
11404
11775
11431
11456
11372
11581
11712
11348
11397
11556
11391
11435
11475
11358
11458
11362
11386
11427
11369
11767
11353
11449
11439
11769
11380
11873
11474
11811
11548
11514
11506
11480
11576
11455
11693
11787
11430
11382
11659
11888
11467
11406
11496
11692
11318
11422
11371
11364
11770
11496
11419
11360
11736
11409
11435
11523
11735
11344
11686
11757
11363
11370
11493
11792
11468
11486
11836
11763
11491
11549
11551
11833
11403
11462
11520
11408
11470
11451
11520
11356
11511
14091
20000
12208
12324
12986
12216
12199
12916
11937
11622
11410
11505
11498
11890
11873
11888
11500
11862
11405
11913
11435
11781
11421
11758
11357
11478
11425
11447
11386
11880
11472
11451
11383
11755
11412
11541
11476
11922
11480
12179
11510
11489
11402
11800
11766
11822
11436
11782
11473
11494
11474
11538
11478
11523
11423
11845
11802
11505
11859
11570
11465
11922
11501
11564
11842
17368
11879
11536
11543
11519
11469
11518
12716
11464
11371
11811
11352
11722
11388
11816
11412
11473
11431
11653
11453
11374
11411
11512
11343
11500
11393
11403
11834
11700
11391
11736
11433
11762
11449
11543
11372
11462
11424
11491
11444
11458
11549
11836
11439
11452
11377
11492
11369
11376
11461
11450
11409
11819
11418
11516
11392
11480
11374
11427
11753
11468
11451
11872
11477
11604
11728
11827
11349
11865
11481
11479
11933
11480
11438
11735
11494
11394
11675
11363
11441
11402
11396
11494
11376
11394
11449
11839
11821
11469
11491
11492
11780
11400
11434
11479
11540
11467
11425
11508
11833
11830
11350
11403
11439
11565
11507
11553
11425
12150
11434
11999
11757
11586
11731
11455
11486
11513
11451
11549
11482
11607
11371
11758
11258
11475
12219
11486
11539
11472
11641
11525
11731
11419
11730
11547
11387
11451
11428
11453
11545
11459
11519
11541
11414
11526
11468
12090
11481
11631
11473
11507
11411
11446
11846
11446
11469
11602
11402
11844
11459
11531
11737
11810
11374
11561
11465
11455
11476
11458
11376
11427
11327
11466
11647
11831
11352
11419
11384
11512
11470
11487
11508
11466
11703
11428
11837
11460
11384
11529
11408
11789
11482
11504
11436
11529
11523
11543
11455
11483
11451
11490
11781
11651
11548
11502
11417
11874
11417
11748
11430
11485
11425
11858
11515
11531
11583
12203
11496
11910
11456
11739
11437
11449
11666
11477
11862
11714
11668
11371
11356
11492
11897
11445
11528
11378
11704
11358
11420
11552
11418
11686
11390
11368
11828
11391
11433
11721
11482
11476
11508
11808
11471
11435
11836
11439
11416
11392
11467
11810
11508
11461
11443
11444
11625
11442
11444
11540
11466
11399
11421
11772
11422
11351
11377
11340
11294
11363
11482
11509
11744
11630
11472
11405
11383
11359
11450
11439
11465
11774
11579
11354
11464
11367
11898
11640
11375
11392
11508
11680
11472
11433
11370
20000
11396
20000
11351
11472
11860
11804
11338
11561
14461
11400
11487
11748
11332
11350
11471
11339
11463
11337
11408
11433
11533
11303
11364
11309
11806
11361
11830
11823
11531
11873
11584
11409
11506
11391
11541
11380
11753
11425
11767
11327
11407
11465
11481
11478
11381
11430
11430
11670
11402
11677
11455
11403
11437
11481
11451
11397
11776
11370
11436
11630
11361
11692
11436
11426
11805
11720
11410
11348
11898
11681
11768
11513
11575
11451
11870
11369
11530
11487
11433
11395
11790
11442
11346
11398
11442
11482
11550
11739
11865
11453
11436
11458
11527
11514
11460
11342
11832
11421
11612
11404
11489
11374
11784
11415
11447
11390
20000
12111
14655
12517
12289
13936
12538
11525
11710
11746
11490
11846
11729
11472
11791
11558
11418
11393
11457
11387
11911
11793
11831
11755
11386
11376
11681
11468
11784
11502
11410
11367
11535
11439
11407
11356
11412
11521
11472
11497
11431
11747
11562
11778
11381
11466
11399
11416
11504
11372
11723
11818
11438
11462
11401
11468
11378
11393
11430
11687
11662
11419
11405
11480
11400
11516
11394
11670
11418
11419
11392
11791
11506
11532
11399
11771
11404
11482
11386
11739
11390
11391
11824
11398
11492
11863
11366
11370
11508
11818
11697
11323
11784
11468
11513
11770
11804
11715
11414
11718
11383
11356
11713
11409
11830
13215
11481
11413
11465
11493
11395
11779
11822
11760
11787
11373
11412
11742
11530
11416
11440
11353
11413
11505
11474
11516
11910
11802
11444
11820
11798
11514
11839
11844
11363
11456
11436
11405
11405
11377
11516
11458
11502
11423
11446
11836
11477
11478
11508
11728
20000
11766
11749
11432
11826
11414
11410
11458
11523
11541
11498
11815
11491
11536
11743
12365
11498
11839
11781
11814
11363
11428
11404
11467
11471
11569
11378
11739
20000
11275
12044
13608
11588
10590
11532
11688
12332
20000
20000
11924
13718
12373
11666
11573
12222
11597
11499
11412
12132
11463
11960
11668
11410
11803
11740
11373
11710
11496
12477
11988
12106
12524
12123
12315
11404
11748
11436
11484
11374
11353
11394
11385
11479
11376
11353
11450
11748
11263
11948
11229
11602
11250
11472
11584
12092
12047
11345
12357
11495
11385
12040
12528
11924
11626
11490
11976
11545
11628
11515
11856
11529
11953
11553
11903
11577
11511
11622
11864
11577
11875
11598
11596
11589
11895
11585
11663
11564
11557
11547
11512
11605
11534
11545
11486
11556
11554
11813
11829
11499
11581
11532
11576
11516
11465
11470
11464
11473
11522
12015
11642
11513
12019
11899
11886
11594
11916
11979
11613
11620
11580
11590
11593
11652
11623
11614
11560
12015
11540
11702
11579
11657
11556
11600
11075
11803
11610
11872
11810
11584
11497
11604
11568
11521
11485
11537
11944
11582
12042
11925
11601
11590
11873
11669
11624
11571
11932
11621
11659
11614
11498
11508
11487
11522
11526
11514
11522
11547
11898
11519
11591
11602
11852
11599
11881
11529
11975
11720
11602
11521
11866
11599
11896
11550
11478
11997
11968
11616
11585
11638
11756
12146
11578
11682
11964
11572
11510
11669
11587
11601
11603
11630
12023
11952
11908
11571
11645
11984
11635
11785
11544
11544
11662
11519
11566
11594
11616
11700
11557
11538
11574
11979
11657
11577
11989
11693
11578
11600
11617
11579
11888
11595
11926
11635
11561
11614
11580
11629
11507
11541
11450
11959
11954
11603
11607
11646
11632
11667
11516
11946
11870
11596
11547
11556
11489
11525
11710
11606
11588
11597
11510
11493
11626
11537
11825
11582
11848
11949
11593
11906
11943
11651
11479
11692
11603
11969
12043
11590
11600
11707
11603
11685
11585
11651
11718
11538
11546
11952
12040
11548
11473
12025
11672
11609
11602
11636
12210
11603
11584
11508
11619
11547
11499
11496
11766
11502
11462
11574
11564
11588
11601
11480
11818
11836
11917
11527
11527
11556
11545
11628
11519
11538
11496
11510
11503
11637
11640
12549
11698
11528
11458
11610
11502
11972
11553
11569
11632
11575
11965
11653
11614
11518
11581
11973
11559
11578
11617
11560
11933
11912
11978
11570
11621
11566
11604
11514
11928
11537
11615
12010
11627
11900
11822
12134
12030
11569
11523
11545
11894
11565
11442
11483
11857
11906
11494
11845
11598
11621
12037
11993
11631
11668
11606
11587
11592
11634
11566
12018
11560
11615
11982
12108
11641
11600
11588
11524
11599
11629
11632
11579
11655
11898
11943
11571
11511
11966
11667
12404
11909
11674
11681
11936
11582
11558
11688
11591
11976
11891
12207
12487
11647
11603
11836
11856
11524
12011
11671
11977
12050
11991
11581
11934
11553
11531
11581
11641
11516
11492
11968
11852
12009
11883
11943
11665
11543
11561
11961
11477
11538
11518
11976
11555
11310
11617
20000
11946
14217
12521
11525
11479
11571
11483
11608
11885
11605
11530
11503
11974
11831
11574
12008
11950
11649
11502
11919
11559
11478
11544
11519
11876
11504
11528
11496
11584
11566
11566
11604
12379
11649
11496
11533
11552
11547
11615
12055
11475
12026
11459
11663
11543
11897
11454
11535
11904
11537
11549
11510
11555
11589
11567
11837
11442
11924
11815
11820
11528
11552
11876
11632
11931
11915
11530
11515
12066
11564
11584
11589
12002
11875
11508
11554
11553
11493
11557
12037
11874
11539
11496
12101
11964
11648
11817
11499
11521
11529
12011
11605
11954
11630
11689
11991
11922
11496
11476
11694
11540
11561
11617
11562
11947
11585
11625
11445
11495
11582
11515
11886
12450
11508
11573
11645
11490
11598
11997
11569
11600
11605
12119
11539
11560
11613
11513
11487
11921
11481
11542
11942
11451
11894
11459
11470
11548
11903
11636
11580
11601
12006
12035
11568
11865
11892
11548
12058
11499
11521
11875
11506
11570
11534
11889
11602
11906
11565
11960
11570
11926
11944
11487
11858
11504
11521
11449
11604
11560
11602
11700
12060
11664
11701
11649
11895
11824
11659
11507
11898
11587
11590
11957
11546
11580
11571
12013
11678
11583
11921
11680
11595
11894
11582
11583
11531
11653
11566
11500
11568
11972
11538
11455
11519
11955
11516
11530
11637
11893
11669
11532
11937
11474
11513
11572
11497
11605
11860
11842
11570
11638
11619
11564
11615
11817
12068
11558
11603
11593
11933
11528
11452
11575
11473
11899
11534
11923
11843
11512
11968
11846
11550
11555
12085
11685
11564
11508
11638
11495
11513
11851
11508
11509
11521
12229
11568
11768
11641
11501
11575
11554
11556
11903
11568
11819
11699
11560
11500
11488
11622
11881
11460
11828
11526
11918
11532
11531
11511
11961
11438
11555
11578
11534
11538
11500
11885
11483
11512
11916
11897
11508
11613
11761
11938
11632
11587
11518
11946
11541
11550
11991
11538
11523
11553
11869
11915
11535
11951
11590
11587
11535
11602
11539
11555
11475
11716
11547
12024
11449
11523
12080
11772
11489
11815
11467
11937
12075
11436
11448
11491
11695
11828
11402
11800
11439
12228
12236
11468
11482
11478
11828
11495
11803
11501
20000
12047
11516
11468
11803
11526
11916
11561
12728
11906
11509
12285
11952
11519
11473
11905
12275
11942
11542
11576
11861
11794
11520
11926
11911
11967
11857
11560
11538
11529
11560
11771
11549
11915
11537
11962
12001
11516
11554
11593
11937
11804
11709
12153
11583
11824
11742
11773
11508
11469
11907
12711
11880
11518
11548
11548
12149
11502
11558
11609
11568
11798
11564
11470
11610
11612
11768
11458
11558
11485
12077
12056
11932
20000
11800
11493
10616
11593
20000
11672
11293
11542
12065
11448
11982
11657
11531
11617
11647
11835
11581
11544
11621
11518
11598
11985
11811
11766
11609
11604
11934
11610
11884
11627
11798
11620
11578
11592
11989
11626
11874
12149
11897
11990
11516
11620
11902
11641
11701
11597
11539
11564
11475
11579
11487
11640
11525
11591
11562
11649
11949
12215
11410
11934
11644
11656
11548
11981
11459
11995
11540
11945
11523
11619
11526
11684
11631
11533
11510
11923
11550
11611
11902
11481
11591
11500
11610
11588
12104
11563
11537
11503
11544
11965
11589
11598
11771
11573
11795
11577
11952
11479
11494
11480
11597
11533
11687
11605
11506
11521
11718
11652
11522
11810
12015
11638
11504
11635
11505
11499
12015
11541
11551
11948
11516
11927
11600
11907
11510
11603
11573
11541
11604
11548
11616
11614
11886
11479
11631
11536
11464
11935
11626
11810
11989
11589
11541
11494
11541
11540
12040
11509
11898
20000
11870
20000
11999
11737
11941
11518
11519
11567
11584
11903
11867
11845
11524
11598
11862
11485
11663
11473
11477
11567
11548
11958
12016
11561
11522
11973
11579
11497
12002
11574
11508
11955
11638
11577
11605
11614
11841
11595
11497
11928
11544
11563
11535
11685
11511
11529
11553
11536
11527
11501
11514
11566
11570
11470
11601
11552
11655
11640
11553
11847
11768
11471
11904
11496
12479
11541
11523
11688
11547
11617
11493
11970
11589
11453
11718
11636
11463
11554
11841
12080
11497
11577
11856
11627
11538
11549
11902
11898
11846
11689
11521
11569
11645
11536
11518
11588
11708
11526
11559
11525
11591
11529
11615
12057
12079
11716
11476
11811
11913
11610
11613
12044
11505
11537
11505
11561
11622
11538
11467
11897
11942
11526
11572
11539
11552
11959
11518
11922
11576
11522
11599
11580
11491
11971
11605
11634
11561
11748
11940
12018
11585
11733
12119
11530
11555
11505
11901
11553
11518
11605
11659
11630
11507
11509
12024
12028
11662
11554
11465
11414
11544
11593
11610
12004
11885
11599
12048
11855
11561
11990
11483
11551
11720
12010
11514
11573
11667
11579
11491
11645
11519
12081
11579
11528
11884
11831
11688
11860
11525
11592
11541
11557
11575
11652
12003
11628
11643
11564
11924
11494
11529
11577
20000
11783
11613
11592
11772
11526
11527
11518
11559
11565
11678
11599
11530
11500
11643
11692
11515
11495
12077
11524
11540
11608
11899
11517
11938
12081
12025
11630
11550
11583
11689
11943
11572
11713
11619
11846
11597
11533
11765
11511
11885
11511
11486
12241
11905
11849
11559
11911
12177
11514
11520
11565
11477
11826
11866
11480
11440
12503
20000
12577
12165
11429
10745
11718
20000
11243
12526
11988
11521
11548
12010
11621
11558
11714
11480
11531
11643
11509
11670
11520
11633
11897
12096
11903
11649
11550
11580
11477
11543
11460
11972
11506
11920
11447
11989
11648
11961
11507
11490
11956
11584
11925
11569
11530
11532
11857
11508
12108
11869
11544
11566
11523
11948
11441
11464
11592
11545
11986
11590
11632
12006
11933
12068
11963
11534
11551
11547
11494
11603
11562
11561
11625
11933
11846
12103
11465
11494
11469
11571
11587
11805
11598
11668
11500
11873
11524
12018
11612
11525
11503
11681
11456
11534
11479
11902
11973
11617
11630
12004
11863
11479
11875
11938
11536
11510
11575
12047
12077
11469
11521
11846
11503
11526
11539
11471
11571
11892
11889
11438
11563
11584
11662
11567
12035
11471
11506
11955
11614
11600
11990
11612
11977
11436
11841
11468
12023
11852
12057
12042
11952
11446
11576
11474
11651
11619
11671
11570
11971
11504
11831
11465
11549
11585
11634
11555
11614
11902
11774
11516
12226
11476
11585
11525
11972
11587
11975
11668
11510
11970
11902
12033
11547
11910
11968
11980
11586
11556
11471
11584
11765
11572
11525
11610
11499
11618
11897
11455
11671
11515
11672
11483
11591
11922
11554
11526
11551
11631
11505
11491
11581
11523
11611
11618
11488
11537
11616
11916
11525
12092
12106
11547
11855
11624
11534
11500
11653
11486
11909
11631
11527
11593
11912
11560
12150
11613
12026
11567
11543
11665
11630
11940
11499
11484
11555
11642
11554
11559
11511
11585
11588
11551
12437
11935
11746
11679
11883
11837
11562
11940
11548
11633
11621
11497
11576
11488
11641
11602
11604
11602
12066
11873
11622
11644
11666
11633
11555
11511
11860
11555
11606
11586
11623
11674
11579
12042
11515
11771
11488
11879
12059
12194
12038
11585
11918
11710
11636
11619
11654
11875
11601
11575
11718
11642
11925
11482
11677
11536
11918
11556
11521
11635
11545
11968
11651
11981
11701
11597
11600
11571
11676
11629
11547
11611
11860
11605
11576
11522
11766
11502
11908
11495
11520
11784
11494
11453
11855
11479
11777
11448
11506
11581
11557
11792
11575
11863
11825
11774
11779
11459
11907
11496
11557
11760
11494
11465
11507
11475
12355
11501
11476
11502
11483
11815
11906
11496
11835
11540
12187
11901
11920
11587
11487
11786
11548
11870
11870
11545
12286
11510
11906
11846
11532
11706
11533
11562
11610
11522
11788
11447
11457
11642
11510
12124
11881
11487
11515
11551
11992
11985
11552
11885
11511
11714
11483
11807
11543
11521
12197
11429
11546
11521
11572
11869
11545
11534
11463
11923
11848
11480
11988
11549
11557
12093
11469
11638
12021
11863
11770
11453
11853
11224
11931
11702
12078
12439
11546
11554
11831
11533
11531
11633
11588
11849
11594
11807
11577
11623
11957
11564
11475
11707
11480
11614
11885
11634
11571
11582
11470
11756
11805
11559
11467
11570
11496
11950
11805
11595
11521
11651
11591
11933
11924
11602
11892
11586
11537
11655
11492
11968
11487
11569
11456
11582
11486
11933
11857
11525
11508
11595
11896
12040
11495
11948
11476
11947
11841
11501
11843
11551
11622
11536
11572
11702
11568
11577
11595
11646
11989
12029
11939
11655
11497
12030
11888
11582
11573
11491
11623
11856
11914
11570
12043
11779
11438
11528
11897
11658
11834
11523
11561
11837
11597
11552
11999
11853
14391
11520
11502
11792
11457
11574
11941
11899
11540
11596
11955
11470
11521
11469
11536
11548
11875
11549
11481
11622
11510
11617
11568
11937
11523
11585
11568
11508
11455
11455
11797
12041
11415
11561
11467
11470
11949
11481
12077
11834
11460
11555
11861
11540
11424
11464
11551
11543
11641
11579
11549
11912
11834
11490
11625
12107
11448
11582
11477
11590
11449
11507
11468
11853
11462
12036
11482
11482
12020
12048
11916
11496
11519
11549
11514
11589
11859
11492
11625
11530
11465
11532
11516
11574
11445
11499
11482
11875
11495
11521
11470
11591
11895
11491
11931
11554
11609
11857
11523
11590
11468
11521
11805
11856
11483
11537
11595
11590
11490
11417
11918
11560
11813
11968
11486
11536
11877
12063
11992
11845
12060
11508
11942
11891
11458
11595
11515
11541
11948
11451
11500
11490
11559
12031
11904
11525
11525
11819
11663
11464
11642
11510
11537
11781
11467
11483
11549
11664
11439
11591
11611
11892
11968
11487
11438
11596
11505
11498
11593
11439
11573
11561
11500
11574
11790
11601
11435
11808
11670
11495
11628
11538
11907
11482
11516
11872
11450
11549
11519
11540
11494
11543
11586
11575
11606
11549
11469
11517
11598
11673
11519
11695
11642
11750
11509
11514
11608
11540
11488
11597
11596
11862
11520
12036
11880
11570
11939
11515
11835
11488
11715
11893
11925
11675
11780
12039
11462
11992
11579
11496
11801
11593
11582
11599
11939
11521
11809
11556
11835
11537
12009
11954
11575
11490
11560
11480
11860
11456
11625
11652
11559
12040
12005
11511
11870
11495
12113
11529
11451
11571
11948
11547
11509
11504
12066
11566
11447
11493
11840
11665
11671
11549
11912
11525
11632
11558
11964
11503
11598
11591
11634
11957
11575
12268
11484
11916
11863
11491
11806
11474
11519
11664
11892
11713
11512
11521
11625
11546
12164
12464
11454
11479
11892
11763
11522
11711
11526
11535
11805
11968
11463
11459
11474
12185
11792
11475
11514
11491
11782
11520
11826
11517
11966
11862
11505
11561
11544
13176
12331
11813
11595
11764
12026
11797
12068
12163
11353
11552
11512
11711
11547
11596
11628
11904
11491
12049
11620
11856
11503
11537
11527
11856
11597
11580
11551
11464
11992
12056
11506
11915
11705
11518
11512
11511
11538
11612
11698
11625
11498
11605
11575
11952
11649
11853
11894
11605
11502
11511
11531
11691
11616
11461
11849
11520
11597
12175
11475
11905
11578
11599
11541
11669
12000
11548
11901
11621
11500
11687
11894
11436
11551
11588
12018
11574
11811
11550
11636
11508
11907
11485
11512
11613
11856
11569
11601
11617
11551
11569
11525
11577
11597
11582
12053
11508
11851
11570
11638
11548
11479
11532
11897
12014
11480
11651
11497
11892
11506
11493
11535
11933
11636
11550
11978
11563
11879
11557
11587
11733
12007
11537
11867
11976
11571
11575
11870
11536
11462
11524
11583
11980
11471
11503
12020
11478
12024
11900
12482
11477
11905
11992
12392
11926
11881
11621
11533
11562
11548
11591
12037
11948
11913
11718
11632
11642
12351
11622
12429
11529
11433
11602
11581
11805
11575
11663
11497
11586
11587
11837
11570
11588
11773
11483
12772
11652
11574
11638
11644
11945
11943
11963
11582
11604
11579
11591
11900
11595
11518
11512
11931
11852
11925
11657
11534
11772
12003
11653
11522
11841
11654
11453
11906
11927
12055
11514
11843
11624
11684
12437
14670
12175
11978
11951
12246
11542
11906
11584
11588
11602
11915
11530
11903
11611
11628
11479
11598
11610
12324
11462
11618
11625
11534
11660
11645
11552
11935
11530
11826
11422
11578
11458
11524
11781
11540
11458
12373
11492
11624
11959
11566
11475
11572
11913
12087
11468
11503
11596
11486
11986
11518
11905
11667
11606
11844
11481
11484
11906
11568
11607
11961
