1 8
1 35
2 15
2 22
2 23
2 23
2 46
2 50
3 20
3 26
3 26
3 34
3 34
4 5
4 18
4 28
4 37
4 43
5 18
5 18
5 28
5 28
6 44
7 14
7 14
7 29
7 29
8 42
8 45
9 20
9 49
10 12
10 31
10 47
11 1
11 8
11 29
11 29
11 29
11 30
11 30
11 35
11 42
12 22
12 31
13 10
13 12
13 22
13 22
13 27
13 27
14 23
14 24
14 48
15 9
15 22
15 49
16 9
16 35
16 50
17 10
18 21
18 25
18 39
19 7
19 29
19 33
19 43
20 16
20 41
21 4
21 36
21 39
21 47
22 23
23 7
24 12
24 22
24 23
25 5
25 6
25 39
25 44
26 35
27 10
27 17
27 49
28 6
28 25
28 32
28 33
28 43
29 23
29 30
29 40
29 45
30 23
30 50
31 24
31 38
32 19
32 33
33 6
33 7
33 14
33 38
33 48
34 9
34 20
35 3
35 20
35 30
35 41
36 10
36 47
37 21
37 43
38 6
38 10
38 36
38 36
38 48
38 48
39 36
39 38
40 19
40 43
41 16
42 29
42 45
43 32
44 38
44 39
45 40
46 9
46 15
46 15
46 16
46 50
47 17
48 24
48 31
49 13
49 22
49 34
49 34
50 23
50 35
