  Tag      Data
0 0000000 0010011000000000 0100111000111010
1 0000000 0010011100000000 1000000000000001
2 0000000 0000000000000000 0001011111100001
3 0000000 0010001000000000 0101001011111111
4 0000000 0001101100000001 0101110001001110
5 0000000 1000010000000001 1000000000100011
6 0000000 0001011111100001 0001001101100001
7 0000000 0101110000001110 1000010000000001
8 0000000 1000000000011110 0001011111100001
9 0000000 0111001000000001 0100101000001100
10 0000000 0001001100000000 0100101111000000
11 0000000 0010110001001100 0101110101110010
12 0000000 1000010100000001 1000000000010101
13 0000000 0001011111100001 0001001000000001
14 0000000 0111101001001001 0001000101000000
15 0000000 0011001101001111 0001110001100001
16 0000000 1000010000000001 1000000000001101
17 0000000 0001011111100001 0111001000100010
18 0000000 0011101001001111 0001001101000001
19 0000000 1000001100000001 1000000000000111
20 0000000 0001011111100001 0001010000100000
21 0000000 0011010010001100 0001110110001000
22 0000000 1000010100000001 1000000000000001
23 0000000 0001011111100001 1101111111000000
24 0000000 1101100011000001 1101100111000010
25 0000000 1101101011000011 1101101111000100
26 0000000 1101110011000101 1101110111000110
27 0000000 1101111011000111 1101111111001000
28 0000000 0000000000000000 1111111111111111
29 0000000 0000000000000111 0000000000000000
30 0000000 1000000000000000 1111111111111111
31 0000000 0000000000000000 0000000000001000
32 0000000 0000000000000000 0000000000111010
33 0000000 0000000000000111 1111111111111111
