0 0100011100000000
1 0100111100010101
2 1101000111100000
3 0100011100000000
4 0100111100010111
5 1101011011100000
6 0100001000000000
7 1101101011000000
8 0001001001000001
9 1101101011000001
10 0001011011000010
11 0100010100000000
12 0100110100000001
13 1101001111011110
14 0101101001001100
15 1101101011000000
16 0001011011000001
17 0001010110100001
18 0101110010100110
19 1000110011111001
21 0000000000001010
22 1000100010001000
23 1010101111001101
43982 0000000000000001
43983 0000000000000001
43984 0000000000000010
43985 0000000000000011
43986 0000000000000101
43987 0000000000001000
43988 0000000000001101
43989 0000000000010101
43990 0000000000100010
43991 0000000000110111
