0 0100000100000000
1 0100100100011110
2 0001001000100000
3 1101100100100000
4 0001000100100001
5 1101100100100000
6 0001000100100010
7 1101100100100000
8 0001000100100001
9 1101100100100000
10 0010011100000010
11 0101100101011100
12 1101100100100000
13 0001000100100001
14 1101100100100000
15 0001000100100010
16 1101100100100000
17 0001000100100001
18 1101100100100000
19 0101100101011100
20 0101100100111100
21 1101100100100000
22 0001000100100001
23 1101100100100000
24 0001000100100010
25 1101100100100000
26 0001000100100001
27 1101100100100000
29 1111111111111111
30 0000001000011110
31 1000100010001000
33 1000100010001000
34 0000001000100010
35 1000100010001000
36 1111111111111111
542 0000001000011111
544 0000001000100001
