0 0010000100001111
1 0100101000001010
2 0100110000001010
3 0100110100000001
4 0101111010000000
5 1011111101000000
6 0101101000000000
7 0100101000011000
8 1100001000000000
10 0101111011010000
11 1110011000100010
12 0101100100110110
13 0010001110101011
14 1110001100100010
15 0101100100110110
16 0101111001111000
17 1110011000100010
18 0101100100110110
19 0010011010111100
20 1110011000100010
21 0101100100110110
22 1010000000000000
24 0010001100001111
25 0101101101110110
26 1110010001110100
27 1110011001100000
28 1110010000100010
29 0101100100110110
30 1110011000100010
31 0101100100110110
32 0101101101110110
33 1100100101100000
34 0101100100110110
35 0101101101110110
36 1100100101100000
37 0101100100110110
38 0101101101110110
39 1110001000100010
40 0101100100110110
41 1110000100100010
42 0101100100110110
43 1110001100100010
