0 0010011000000000
1 0100111000111010
2 0010011100000000
3 1000000000000001
5 0001011111100001
6 0010001000000000
7 0101001011111111
8 0001101100000001
9 0101110001001110
10 1000010000000001
11 1000000000100011
12 0001011111100001
13 0001001101100001
14 0101110000001110
15 1000010000000001
16 1000000000011110
17 0001011111100001
18 0111001000000001
19 0100101000001100
20 0001001100000000
21 0100101111000000
22 0010110001001100
23 0101110101110010
24 1000010100000001
25 1000000000010101
26 0001011111100001
27 0001001000000001
28 0111101001001001
29 0001000101000000
30 0011001101001111
31 0001110001100001
32 1000010000000001
33 1000000000001101
34 0001011111100001
35 0111001000100010
36 0011101001001111
37 0001001101000001
38 1000001100000001
39 1000000000000111
40 0001011111100001
41 0001010000100000
42 0011010010001100
43 0001110110001000
44 1000010100000001
45 1000000000000001
46 0001011111100001
47 1101111111000000
48 1101100011000001
49 1101100111000010
50 1101101011000011
51 1101101111000100
52 1101110011000101
53 1101110111000110
54 1101111011000111
55 1101111111001000
57 1111111111111111
58 1000100010001000
59 1000100010001000
60 1000100010001000
61 1000100010001000
62 1000100010001000
63 1000100010001000
64 1000100010001000
65 1000100010001000
66 1000100010001000
67 1111111111111111
